423 36
423 37
423 153
423 476
476 296
296 61
296 127
296 448
61  45
61  69
61  125
69  76
69  81
69  111
69  150
69  274
69  348
81  1
81  337
348 86
348 274
1   150
1   193
328 256
256 272
256 304
272 213
272 289
272 406
213 76
213 250
258 34
34  1
34  16
34  30
34  82
34  195
34  482
482 194
482 266
482 318
482 403
482 439
439 183
439 279
439 507
318 292
318 314
318 340
318 381
318 478
318 480
381 351
340 105
279 56
279 304
279 311
279 397
183 62
183 311
183 358
403 2
351 283
351 452
351 477
283 41
283 292
283 463
283 475
16  86
463 374
463 387
463 408
408 384
387 331
387 376
86  46
86  100
46  42
46  104
46  318
30  125
30  372
125 170
125 377
372 112
372 199
372 308
170 86
170 162
162 43
162 131
162 398
162 499
43  77
43  122
43  160
43  309
398 7
398 9
398 78
398 79
398 415
499 293
499 423
499 427
499 464
427 269
427 365
427 490
490 74
490 166
77  18
77  266
365 114
365 318
365 361
464 112
464 274
464 287
464 289
464 413
289 104
289 292
266 70
266 139
266 217
266 284
266 307
266 410
18  105
18  166
18  177
74  27
74  291
74  475
166 79
177 24
177 50
177 176
79  65
79  206
112 327
112 355
176 141
176 145
176 179
176 396
355 353
284 99
284 104
206 238
206 334
206 388
475 459
238 494
104 108
104 206
104 211
104 318
104 427
104 468
27  193
27  205
396 7
396 456
456 68
456 458
456 505
505 392
505 464
7   384
7   404
7   427
127 101
127 309
127 327
327 7
327 350
72  120
72  237
120 59
120 241
241 228
237 63
237 211
237 216
237 459
216 469
469 400
211 77
211 131
211 351
313 25
313 339
339 7
339 197
339 211
339 361
384 67
384 140
384 356
140 69
140 413
111 68
111 73
111 211
111 292
111 397
111 468
111 487
150 499
487 110
487 287
487 293
487 418
487 423
487 502
110 36
110 112
110 120
110 241
110 316
110 362
502 85
502 246
502 307
502 342
246 423
316 120
316 231
316 362
231 45
231 111
85  29
85  65
85  197
85  328
197 292
197 461
65  23
65  111
65  401
29  31
23  29
23  151
461 205
461 427
461 449
461 511
406 308
308 120
308 156
308 309
156 8
156 220
8   143
143 141
143 398
143 413
435 361
361 364
361 377
361 398
9   57
9   170
9   307
307 136
307 487
418 204
418 366
418 427
366 139
139 165
139 204
362 306
362 363
363 423
250 58
250 179
250 224
250 509
76  257
76  332
76  414
414 46
414 279
414 318
414 466
179 34
179 152
179 474
152 57
332 50
332 205
332 222
332 270
332 292
332 345
332 493
205 236
205 318
466 470
474 282
236 29
236 197
236 245
236 379
236 487
509 119
509 132
509 252
119 148
252 79
252 104
252 127
252 168
252 245
168 158
168 184
158 61
245 197
245 208
245 242
208 26
208 356
208 402
208 480
208 487
148 132
148 154
148 208
148 277
132 165
277 7
277 301
277 398
277 407
42  292
356 225
356 237
356 304
356 487
165 37
402 192
402 455
415 167
167 186
167 271
167 285
167 397
167 423
167 438
480 108
480 454
78  79
454 170
454 183
285 441
37  133
37  452
37  492
301 239
31  27
31  376
31  503
492 361
492 452
122 364
122 440
122 490
448 136
448 217
448 458
452 12
452 300
452 318
452 332
452 461
300 22
300 346
300 356
449 207
449 293
118 221
221 204
204 46
204 104
204 222
204 223
204 225
204 445
222 338
222 414
222 444
445 123
445 285
445 433
433 133
433 161
433 177
433 233
433 402
374 509
98  67
98  331
331 111
331 115
331 266
331 347
331 363
331 451
451 459
459 22
442 32
442 314
314 113
314 440
32  352
32  393
113 311
113 361
113 364
187 62
187 90
187 319
90  94
90  111
90  331
94  223
94  506
223 60
223 76
223 178
223 212
223 215
215 253
215 367
178 18
178 244
178 291
367 361
367 399
367 495
367 510
212 84
291 41
291 90
291 279
291 304
291 428
291 466
399 105
399 398
304 115
304 266
304 300
84  219
346 331
346 332
346 362
410 307
410 384
410 504
504 217
337 1
337 63
337 157
157 177
157 333
24  25
24  145
24  153
24  281
145 160
145 187
145 261
145 424
25  88
25  131
88  64
88  89
50  423
309 108
309 111
309 205
309 268
309 293
309 307
309 435
108 211
293 108
293 420
342 68
342 90
342 202
342 283
202 144
202 266
202 304
202 381
202 391
202 398
202 464
207 399
207 429
281 296
281 331
347 471
471 437
437 227
437 446
227 101
227 147
227 480
101 309
62  113
62  311
62  335
62  414
311 37
311 203
311 279
131 91
131 157
131 197
131 321
91  75
75  28
269 335
428 173
428 242
428 416
428 424
428 467
428 480
416 480
173 167
173 377
173 489
173 493
438 434
467 475
242 43
242 58
242 82
242 176
242 198
242 214
242 225
242 319
82  218
198 390
58  51
58  347
390 350
218 11
218 125
218 267
267 482
350 31
350 122
350 278
350 314
350 503
278 22
278 209
278 283
278 406
440 187
440 313
209 452
503 500
500 30
500 248
500 254
500 404
500 485
115 33
115 59
254 110
59  34
59  61
59  113
59  292
56  176
56  381
404 425
404 438
306 402
455 210
455 367
455 405
455 453
210 134
405 406
453 293
453 318
453 390
453 461
134 5
134 87
134 156
134 190
192 22
478 284
478 374
392 140
413 153
413 509
274 508
508 106
508 254
106 110
106 202
106 434
36  111
36  202
36  208
36  309
434 439
93  83
93  301
93  489
133 279
232 36
391 159
391 365
114 71
114 105
114 194
114 206
114 499
71  14
71  102
71  262
71  288
71  291
71  369
71  455
194 223
194 226
194 464
33  199
159 37
159 183
159 239
159 447
335 295
335 435
335 495
280 114
262 122
262 269
262 419
369 422
422 275
275 35
275 65
275 278
35  1
105 40
105 208
151 166
102 127
102 418
40  52
40  225
40  409
52  309
52  480
409 259
495 430
430 399
239 46
239 255
239 487
239 510
447 248
447 371
359 131
359 160
160 102
160 107
160 145
160 148
160 455
319 285
319 383
261 371
261 456
371 306
371 356
371 467
383 195
383 372
67  111
67  114
73  245
73  330
334 110
87  71
87  119
5   23
5   334
63  206
63  469
400 304
153 77
153 139
485 228
493 236
493 301
257 73
257 331
257 419
345 99
345 289
26  284
26  308
26  367
292 38
292 50
292 159
292 453
295 435
51  178
214 449
11  30
11  118
128 161
161 162
161 163
161 183
161 213
161 436
161 449
436 300
163 214
425 131
425 183
425 482
321 294
321 322
321 323
294 310
294 375
294 454
294 463
217 75
458 46
458 68
458 169
458 214
458 360
458 462
68  190
68  208
360 289
190 125
190 189
441 303
441 485
303 15
15  5
15  70
15  399
507 427
507 434
420 141
141 136
141 185
185 80
185 161
185 250
323 113
323 283
323 407
323 489
407 318
407 339
364 226
364 246
136 271
136 290
290 390
385 428
385 440
228 230
228 294
228 420
228 468
225 111
225 232
225 487
199 15
226 225
226 310
226 498
498 116
498 310
498 344
498 423
253 245
253 413
310 98
310 111
310 123
310 226
154 47
397 300
14  31
14  67
14  202
14  216
14  448
419 62
419 217
419 299
419 304
419 403
299 297
299 379
299 402
195 210
220 110
220 121
121 378
123 286
123 315
123 475
123 477
315 327
48  53
48  421
53  32
388 309
388 310
494 420
494 430
333 457
116 1
116 117
116 379
457 395
457 465
457 472
465 149
395 402
255 87
255 383
271 291
271 487
39  36
39  43
376 122
376 351
317 378
378 50
378 300
92  356
10  151
196 224
224 73
224 86
375 367
375 371
375 429
375 510
429 374
429 422
379 285
117 375
49  275
477 405
477 449
326 71
99  39
99  354
354 150
126 502
273 257
297 49
297 82
17  41
17  53
17  85
17  437
511 172
511 378
172 175
175 47
175 303
47  446
446 497
248 376
38  31
38  49
38  182
38  447
329 284
329 323
329 332
470 373
411 395
3   105
3   238
182 436
130 7
130 176
368 431
431 148
431 183
431 357
431 375
510 312
510 383
426 238
426 459
426 507
188 44
188 131
188 154
44  52
230 360
230 496
496 258
184 185
184 272
184 374
19  279
247 503
235 475
357 9
357 241
357 293
357 371
249 141
249 220
249 221
249 236
171 183
171 281
462 234
462 445
234 112
234 488
234 490
488 110
147 135
135 71
135 164
164 178
263 155
155 80
155 409
80  112
80  368
259 499
149 179
149 215
191 37
191 463
325 261
64  297
244 178
244 342
497 66
497 115
486 310
472 401
472 478
468 413
479 130
479 401
479 507
479 509
0   177
240 250
349 221
54  51
444 136
444 181
312 444
146 171
302 426
336 344
201 56
373 222
324 496
443 170
103 215
103 310
483 461
20  52
97  249
386 154
229 241
180 489
200 392
