423 476
61  45
61  69
61  125
69  81
69  150
69  348
81  1
81  337
348 86
348 274
1   150
1   193
328 256
34  482
482 194
482 403
482 439
318 314
318 340
318 381
318 478
318 480
381 351
279 56
279 311
183 62
183 311
183 358
403 2
351 283
351 452
351 477
283 41
283 463
283 475
463 374
463 387
463 408
86  100
46  42
125 170
125 377
372 112
170 162
162 43
162 131
162 398
162 499
43  77
43  122
43  160
398 7
398 9
398 78
398 170
398 415
398 423
499 427
499 464
427 269
427 365
427 490
490 74
77  18
77  266
365 114
365 361
464 112
464 287
464 289
266 70
266 139
266 284
266 307
266 410
18  166
18  177
74  27
74  291
74  475
166 79
177 24
177 50
177 176
79  65
79  206
112 327
112 355
176 145
355 353
284 104
206 238
206 310
206 334
206 388
475 459
238 494
7   384
127 101
127 309
127 327
327 7
327 350
120 59
237 63
237 211
237 459
469 400
211 77
211 351
313 25
313 339
339 7
384 67
384 111
384 140
384 356
140 69
111 73
111 487
150 499
487 110
487 287
487 418
487 502
110 36
110 112
110 241
110 316
110 362
502 85
502 246
502 307
502 342
316 120
316 231
231 45
85  65
85  328
197 461
65  23
29  31
23  29
23  151
461 205
461 449
406 308
308 120
308 156
156 8
156 220
8   143
361 377
361 398
9   57
57  307
418 366
418 427
139 165
139 204
362 306
362 363
363 423
250 224
76  257
76  332
414 46
414 318
414 466
332 205
332 222
332 270
332 292
332 345
332 493
205 236
236 29
236 197
236 245
509 119
509 252
119 148
252 168
252 245
245 208
245 242
208 26
208 356
208 402
208 480
148 132
148 154
148 208
148 277
132 165
277 301
356 225
356 237
356 304
165 37
402 192
402 455
415 167
167 186
167 285
167 397
167 438
480 454
78  79
454 170
454 183
285 441
37  133
37  361
37  452
37  492
301 239
31  27
31  503
122 364
122 440
122 490
448 136
448 217
448 458
452 12
452 332
452 461
300 346
449 207
204 222
204 223
204 445
222 414
445 123
374 509
98  67
331 111
331 115
331 266
331 347
331 363
331 451
451 459
314 113
314 440
113 361
113 364
187 62
187 90
187 319
90  94
90  331
94  506
223 60
223 76
223 178
223 212
223 215
215 253
178 18
178 291
367 361
367 399
367 495
212 84
291 90
291 279
291 304
291 428
291 466
399 398
304 115
304 266
304 300
346 22
346 331
346 332
346 362
410 384
410 504
504 217
157 177
157 333
24  25
24  153
145 160
145 187
145 424
25  88
309 108
309 268
309 435
268 205
293 420
342 90
202 144
202 266
202 381
202 391
202 398
202 464
207 399
207 429
347 471
471 437
437 227
62  113
62  311
62  335
62  414
311 37
311 279
131 91
131 157
131 197
131 321
75  28
269 335
428 173
428 242
428 416
428 424
428 480
173 489
438 434
467 475
242 58
242 82
242 176
242 198
242 214
242 319
82  218
198 390
58  43
58  51
58  347
390 350
218 11
218 125
218 267
350 31
350 122
350 278
350 314
350 503
278 22
278 209
278 283
278 406
440 187
440 313
503 500
500 248
500 254
500 404
500 485
115 33
115 59
59  61
59  113
56  176
56  381
306 402
455 210
455 367
455 405
455 453
210 134
405 406
453 293
453 390
453 461
134 5
134 87
134 156
134 190
192 22
478 374
36  202
133 279
232 36
391 159
391 365
114 71
114 105
114 194
114 206
114 499
71  14
71  102
71  202
71  262
71  369
71  455
194 223
194 226
33  199
335 295
335 495
262 419
275 35
275 65
105 40
102 127
102 418
495 430
430 399
239 46
239 255
239 487
239 510
160 102
160 107
160 145
160 148
160 455
319 285
319 383
371 306
371 356
371 467
383 195
383 372
67  114
73  245
73  330
334 110
87  71
87  119
5   23
5   334
63  469
485 228
493 236
493 301
345 99
345 289
26  284
26  367
292 38
292 50
292 453
295 435
161 162
321 294
321 322
294 375
294 454
294 463
217 75
458 68
458 462
68  190
190 189
441 303
441 485
420 141
141 136
141 185
185 250
407 318
364 226
364 246
136 271
136 290
290 390
225 111
225 232
226 225
226 498
498 116
498 310
498 344
310 98
310 123
310 226
14  31
14  216
14  448
419 299
195 210
220 110
220 121
123 286
123 315
123 475
123 477
116 117
271 291
375 371
429 374
429 422
477 405
477 449
99  39
38  49
38  447
