75273,11411
75273,11844
75273,26045
75273,55755
75273,61433
75273,71584
75273,74148
75273,75211
75273,75238
75273,75264
75273,75299
75192,14651
75192,73521
75192,74772
75192,75299
75299,221
75299,9493
75299,12069
75299,14029
75299,26826
75299,28622
75299,32305
75299,34022
75299,42673
75299,48485
75299,61531
75299,62001
75299,62037
75299,62634
75299,63376
75299,66634
75299,70140
75299,74377
75299,74958
75299,75205
75299,75211
75299,75238
75299,75264
75299,75273
75237,65751
73521,15280
75104,63234
75264,32561
75264,75211
75211,9208
75211,60425
75211,72400
75211,72787
75211,75299
173,75299
75144,15275
75295,53876
75295,67616
254,75273
75128,75299
71879,63155
75238,10342
75238,32377
75238,43162
75238,74442
74958,71057
75132,37035
15564,15565
75208,74135
74742,75299
54047,54048
72544,62410
73440,75299
1148,75264
60605,1160
1173,1174
75205,75299
74916,65137
75260,66966
1596,25418
1623,1624
70229,45949
75134,53872
75134,75295
74590,45854
74590,73615
74841,75238
42022,75299
72724,65433
4429,48818
4517,39461
71508,28092
5100,5101
74442,9529
10632,75264
5507,5508
5528,75299
75081,75144
6048,6049
72349,71104
61547,55344
15273,75144
59387,59388
72793,17418
7140,67598
73615,74442
7822,7823
60983,7915
12339,12340
61531,22666
62860,9370
9525,68202
9527,74442
9529,16340
16340,72787
9532,9533
9674,52683
66361,65978
26974,10525
10530,71801
10532,72280
58869,23917
11102,11104
11107,11108
11108,66823
11112,11113
65011,11304
11325,11326
11411,11412
39928,11414
11414,11415
12579,12580
62456,74135
60085,70487
60085,75299
12300,12301
29598,12345
12427,75211
12570,12571
12580,75238
70156,28117
70239,52645
13823,73391
65034,75211
74151,75299
15266,71420
15272,15273
15275,70229
15277,75192
68526,20719
15761,15762
15793,71234
73685,39104
17426,50310
30355,30356
64718,41710
34127,75020
18462,75238
50359,75299
21229,66754
21511,21512
21516,75273
23119,23120
60425,56206
34271,34272
23915,58869
24404,24440
24592,44844
44844,75299
25210,25211
44548,44549
74498,58351
26080,75299
26831,26832
56973,50335
28039,74869
28043,28044
28100,28101
28585,75208
28722,28723
59745,28725
62626,73921
30258,30259
30323,30324
30324,30325
30326,30328
30328,30329
30329,30330
30332,30333
30333,30337
30337,30341
30334,30335
30335,30336
30343,30344
30344,30345
30345,30346
31686,64023
32291,53638
32295,75211
37344,33011
33015,33016
52216,75260
34258,34259
34269,34271
34275,34276
34516,74719
59382,59383
35744,75299
72823,72824
72011,48848
37375,37376
37697,37698
39105,39109
39508,70257
40119,40120
40529,40530
40895,67964
41716,41717
41717,41718
41721,41722
42349,42350
42809,72752
42816,42817
43387,43388
44834,75020
69327,75273
47539,47540
67698,67699
48419,48420
52534,58869
48978,48979
49070,62669
49977,49975
50335,50336
50680,50681
52129,54464
65751,52512
52704,52705
52925,52926
53626,53627
53627,53628
53629,53630
53841,75299
53849,75020
53851,53852
54970,54971
55072,55633
68492,65642
55611,55612
56200,68495
56607,75299
57999,75299
58434,75299
59056,75211
59194,59195
59202,75264
59211,59212
59212,59213
59384,59385
59386,59387
59390,72398
59392,75299
59395,59396
59397,59398
67675,67676
71461,73557
61231,61232
61426,61427
61429,61430
63117,75273
61434,61435
62558,71524
63571,72148
64254,64255
64764,64765
65724,66316
65793,65794
67665,75273
67669,75238
67696,67697
68254,68255
70136,70137
70173,70174
70250,70251
71627,75020
72476,72477
72786,72787
72789,75208
72819,72820
72825,72826
72827,75299
73241,75299
74200,74199
74485,74486
74491,74492
74492,74493
74496,75273
74887,74888
