0,0
1,1
2,2
3,3
4,4
5,5
6,6
7,7
8,8
9,9
10,10
11,11
12,12
13,13
14,14
15,15
16,16
17,17
18,18
19,19
20,20
21,21
22,22
23,23
24,24
25,25
26,26
27,27
28,28
29,29
30,30
31,31
32,32
33,33
34,34
35,35
36,36
37,37
38,38
39,39
40,40
41,41
42,42
43,43
44,44
45,45
46,46
47,47
48,48
49,49
50,50
51,51
52,52
53,53
54,54
55,55
56,56
57,57
58,58
59,59
60,60
61,61
62,62
63,63
64,64
65,65
66,66
67,67
68,68
69,69
70,70
71,71
72,72
73,73
74,74
75,75
76,76
77,77
78,78
79,79
80,80
81,81
82,82
83,83
84,84
85,85
86,86
87,87
88,88
89,89
90,90
91,91
92,92
93,93
94,94
95,95
96,96
97,97
98,98
99,99
100,100
101,101
102,102
103,103
104,104
105,105
106,106
107,107
108,108
109,109
110,110
111,111
112,112
113,113
114,114
115,115
116,116
117,117
118,118
119,119
120,120
121,121
122,122
123,123
124,124
125,125
126,126
127,127
128,128
129,129
130,130
131,131
132,132
133,133
134,134
135,135
136,136
137,137
138,138
139,139
140,140
141,141
142,142
143,143
144,144
145,145
146,146
147,147
148,148
149,149
150,150
151,151
152,152
153,153
154,154
155,155
156,156
157,157
158,158
159,159
160,160
161,161
162,162
163,163
164,164
165,165
166,166
167,167
168,168
169,169
170,170
171,171
172,172
173,173
174,174
175,175
176,176
177,177
178,178
179,179
180,180
181,181
182,182
183,183
184,184
185,185
186,186
187,187
188,188
189,189
190,190
191,191
192,192
193,193
194,194
195,195
196,196
197,197
198,198
199,199
200,200
201,201
202,202
203,203
204,204
205,205
206,206
207,207
208,208
209,209
210,210
211,211
212,212
213,213
214,214
215,215
216,216
217,217
218,218
219,219
220,220
221,221
222,222
223,223
224,224
225,225
226,226
227,227
228,228
229,229
230,230
231,231
232,232
233,233
234,234
235,235
236,236
237,237
238,238
239,239
240,240
241,241
242,242
243,243
244,244
245,245
246,246
247,247
248,248
249,249
250,250
251,251
252,252
253,253
254,254
255,255
256,256
257,257
258,258
259,259
260,260
261,261
262,262
263,263
264,264
265,265
266,266
267,267
268,268
269,269
270,270
271,271
272,272
273,273
274,274
275,275
276,276
277,277
278,278
279,279
280,280
281,281
282,282
283,283
284,284
285,285
286,286
287,287
288,288
289,289
290,290
291,291
292,292
293,293
294,294
295,295
296,296
297,297
298,298
299,299
300,300
301,301
302,302
303,303
304,304
305,305
306,306
307,307
308,308
309,309
310,310
311,311
312,312
313,313
314,314
315,315
316,316
317,317
318,318
319,319
320,320
321,321
322,322
323,323
324,324
325,325
326,326
327,327
328,328
329,329
330,330
331,331
332,332
333,333
334,334
335,335
336,336
337,337
338,338
339,339
340,340
341,341
342,342
343,343
344,344
345,345
346,346
347,347
348,348
349,349
350,350
351,351
352,352
353,353
354,354
355,355
356,356
357,357
358,358
359,359
360,360
361,361
362,362
363,363
364,364
365,365
366,366
367,367
368,368
369,369
370,370
371,371
372,372
373,373
374,374
375,375
376,376
377,377
378,378
379,379
380,380
381,381
382,382
383,383
384,384
385,385
386,386
387,387
388,388
389,389
390,390
391,391
392,392
393,393
394,394
395,395
396,396
397,397
398,398
399,399
400,400
401,401
402,402
403,403
404,404
405,405
406,406
407,407
408,408
409,409
410,410
411,411
412,412
413,413
414,414
415,415
416,416
417,417
418,418
419,419
420,420
421,421
422,422
423,423
424,424
425,425
426,426
427,427
428,428
429,429
430,430
431,431
432,432
433,433
434,434
435,435
436,436
437,437
438,438
439,439
440,440
441,441
442,442
443,443
444,444
445,445
446,446
447,447
448,448
449,449
450,450
451,451
452,452
453,453
454,454
455,455
456,456
457,457
458,458
459,459
460,460
461,461
462,462
463,463
464,464
465,465
466,466
467,467
468,468
469,469
470,470
471,471
472,472
473,473
474,474
475,475
476,476
477,477
478,478
479,479
480,480
481,481
482,482
483,483
484,484
485,485
486,486
487,487
488,488
489,489
490,490
491,491
492,492
493,493
494,494
495,495
496,496
497,497
498,498
499,499
500,500
501,501
502,502
503,503
504,504
505,505
506,506
507,507
508,508
509,509
510,510
511,511

0,273,0.010078
0,306,7.558497
0,392,5.332345
1,68,0.479976
1,289,6.796171
1,476,3.841186
2,86,8.311344
2,386,0.544082
3,17,6.714782
4,172,3.840322
4,324,4.180685
4,422,5.893877
5,6,8.463207
5,16,0.928729
5,46,4.165834
5,283,9.104105
6,76,2.631905
6,159,7.363458
6,398,6.330059
6,454,9.910463
7,3,2.477918
7,190,7.229377
7,288,6.518671
9,78,6.320031
9,193,2.734373
10,139,7.667283
11,31,2.385367
11,91,3.599057
12,108,4.870309
12,157,9.092989
12,475,9.047484
13,46,5.167757
14,26,9.866555
15,0,2.668784
15,34,9.478165
15,42,5.012064
15,280,2.778047
16,36,5.302176
17,15,9.410390
17,265,7.617527
18,203,8.279895
18,287,0.168518
19,88,8.683789
20,26,7.364883
20,196,9.994584
20,272,2.339617
20,309,3.516642
20,478,5.915225
21,379,4.126687
22,14,2.700480
22,212,2.879252
23,15,1.545663
23,56,8.026033
23,229,5.349154
24,260,9.554054
25,41,5.550293
25,136,6.252244
25,369,1.606078
25,475,7.149953
27,255,0.918993
27,385,0.039966
28,188,0.278494
28,301,9.379594
29,303,1.817150
30,94,8.871037
31,127,1.511847
31,218,3.864289
31,394,5.002413
31,399,5.875994
32,234,5.905185
33,39,5.565900
33,162,9.833218
33,175,1.426780
33,355,2.528743
34,267,4.645665
35,99,1.269048
36,80,3.199304
36,352,1.275854
37,84,6.220124
38,182,2.485939
39,79,3.899249
39,148,0.293468
39,167,4.270709
39,295,9.475393
39,322,1.320573
39,439,0.930815
40,34,0.719925
40,120,2.538043
40,221,7.833700
41,45,3.501746
41,140,8.091356
41,188,6.519944
41,427,6.799128
42,88,2.508755
42,299,4.717911
44,49,6.007933
44,62,7.560877
44,288,9.514161
45,121,4.398910
45,129,6.892919
45,373,9.871584
46,19,8.514184
46,111,5.378883
46,184,1.043305
47,142,5.771399
48,121,4.405986
48,254,8.693945
49,155,8.009196
49,185,7.419742
49,285,8.861451
49,357,4.638594
49,369,7.137089
50,311,6.680114
51,165,2.003552
52,173,8.660168
52,252,5.444044
53,6,4.508971
53,87,2.163165
53,412,3.164167
54,262,8.816226
54,306,4.680642
54,502,3.657929
55,6,9.991175
55,219,6.308578
57,121,0.015944
57,125,7.735787
57,233,3.198584
57,366,6.828117
57,418,2.060566
58,82,7.092117
58,250,0.954543
58,304,7.642408
59,11,2.146383
59,25,0.819797
59,55,9.522075
59,433,3.904637
60,140,6.924768
60,406,7.770890
61,47,4.230374
61,63,1.947735
61,94,1.926320
61,421,2.448102
61,445,1.373185
63,379,6.014091
64,16,8.285264
65,66,9.879491
65,273,2.343656
65,327,2.201912
65,451,6.963113
66,90,6.965466
67,35,6.698511
67,36,0.573842
67,87,2.277807
67,192,7.001346
68,18,7.628082
68,65,5.543574
69,79,3.303367
69,324,1.439022
69,480,4.858399
70,291,8.134524
70,354,7.392576
71,58,1.361969
71,84,3.114281
71,103,5.185655
71,335,2.595839
72,336,3.936246
73,83,4.764203
73,88,2.800138
73,109,3.703723
73,456,6.721124
74,194,5.144224
75,51,7.210471
75,153,4.612366
76,23,3.222385
76,330,5.176282
77,9,4.024311
77,326,9.865162
77,493,6.704283
78,62,5.421685
78,75,8.294095
78,152,2.749355
78,474,5.465905
79,6,2.673467
79,135,2.474864
81,52,6.943296
81,209,8.172842
83,131,1.615882
84,53,7.081185
85,111,5.828387
88,409,9.915415
89,273,2.802322
89,347,1.720077
90,74,4.961954
90,82,1.639180
90,127,7.832090
90,346,4.369893
90,498,5.852024
91,420,0.677829
92,54,3.903417
92,76,3.863837
93,47,6.593943
93,77,5.391226
93,122,8.161162
94,102,6.864155
94,155,0.103382
94,214,5.214391
94,218,2.214645
94,314,0.715642
94,325,7.240400
95,93,0.515520
95,127,4.577047
95,221,4.470431
95,400,2.866564
95,486,6.959418
96,113,6.814833
97,113,0.584178
97,200,5.428508
97,496,8.563364
98,104,3.781729
98,342,5.765968
99,137,6.796529
99,181,0.365521
99,478,9.733823
100,68,3.519674
100,88,6.080039
101,205,5.533093
101,228,3.575681
102,70,9.742781
102,229,2.522761
103,115,8.132350
103,295,2.453416
103,307,6.951616
103,372,2.643566
104,317,1.174545
106,64,1.145620
106,154,0.070733
106,394,5.997599
107,59,0.834240
107,87,3.759348
107,230,1.245137
107,255,0.306057
107,298,4.947504
107,331,9.340964
108,28,3.602982
108,126,5.004554
108,248,6.722316
108,260,7.570134
109,236,2.313413
109,332,5.630394
110,44,6.169938
111,217,2.255764
112,70,6.533586
113,19,7.443601
113,82,0.485910
113,85,1.258200
113,114,4.846963
114,65,9.141110
115,362,5.939521
117,76,4.970854
117,100,4.421910
117,156,7.721722
117,200,4.433475
117,253,4.682736
117,298,4.464839
119,500,2.061360
120,101,3.731472
120,304,9.648864
120,376,0.712649
120,427,5.268115
121,27,5.181895
121,33,8.417345
121,250,4.244666
123,347,7.138330
123,443,8.720123
124,48,8.367612
124,86,3.896712
124,106,6.059969
124,108,5.399652
124,116,4.022905
125,248,0.840026
125,501,4.729076
126,282,1.058642
127,124,8.022166
127,203,6.691515
127,246,2.445066
128,156,2.643993
130,46,0.819245
131,191,4.918517
132,144,2.668530
132,280,4.257659
133,417,9.635121
134,442,7.960598
135,65,1.719841
136,478,2.931755
137,280,8.260107
137,497,7.267167
139,142,8.022823
139,170,0.462954
140,26,1.541618
141,137,0.626696
141,229,9.292206
142,475,2.053584
143,14,6.999913
143,474,4.951363
144,153,7.118597
145,20,2.014439
145,149,4.366601
146,50,8.613262
146,174,4.450747
146,481,5.242480
147,189,7.534206
147,243,8.230681
148,90,2.328460
148,447,4.311878
149,157,9.873374
151,20,8.506801
152,31,3.122936
152,157,9.976010
153,141,4.686067
153,454,6.910818
154,58,5.419931
154,219,1.600569
155,488,8.215124
159,161,0.420337
159,311,1.109094
159,463,5.192545
160,64,5.619222
160,117,5.173912
161,1,7.374377
161,53,0.237767
161,443,6.713200
162,192,0.672240
162,302,9.211964
163,35,3.807345
163,248,1.681455
164,140,6.914353
164,439,7.139816
165,247,5.902195
166,60,9.297681
166,132,5.064636
166,159,9.193169
167,39,7.241126
167,125,4.913262
167,197,9.761395
168,44,2.739779
168,152,6.988596
168,392,0.983351
169,34,6.111269
169,137,4.956302
169,166,5.892992
169,290,1.520657
170,62,7.316325
170,232,0.525651
171,490,3.213217
172,14,2.458972
172,101,3.835855
172,378,5.975713
173,212,9.353163
174,104,5.136353
174,301,4.081302
174,395,4.803031
174,447,5.346644
175,103,6.059326
175,142,7.036661
175,230,9.383158
175,253,4.140807
175,268,7.832193
176,28,6.818096
176,180,5.278856
176,245,1.445405
177,80,2.521707
177,355,0.058108
177,440,2.760777
177,501,2.796496
178,98,5.073131
178,144,4.170589
179,347,4.370547
179,502,7.664086
180,502,4.418240
181,57,2.977671
181,277,3.391711
183,67,0.565506
183,143,4.858008
183,209,1.153601
184,25,8.647449
184,146,3.680274
185,56,1.630416
187,179,0.586652
187,438,4.686333
189,191,4.128357
189,264,3.090192
191,46,8.146021
191,58,9.195725
191,110,7.702764
191,159,5.728695
191,410,8.034646
191,415,8.617602
191,437,8.696246
192,443,3.897827
193,16,5.261446
193,77,4.206180
193,177,7.493959
193,448,3.387466
194,39,7.433829
194,174,8.792827
194,272,7.104035
194,291,3.600200
194,400,1.618681
196,55,0.973321
196,128,5.630490
197,20,8.783136
197,129,6.355702
198,454,8.785345
199,198,1.139575
201,228,3.832370
201,416,1.226178
203,79,1.441588
203,105,7.088794
203,208,3.915756
204,138,6.291379
204,142,9.087819
204,390,8.593539
205,347,4.294444
205,451,4.991319
206,218,4.512841
207,173,7.410180
207,183,3.008216
208,78,1.109084
208,451,9.725038
208,469,2.391720
209,3,8.336406
209,475,1.303521
209,481,3.397800
210,87,4.408278
210,114,4.334444
210,163,3.829346
210,230,4.300433
210,470,6.705265
211,65,6.983684
211,157,8.494290
211,229,0.105983
211,471,6.394189
212,217,6.452530
214,119,3.779867
214,172,3.901110
214,342,6.938951
215,69,2.922338
215,178,8.545108
216,67,1.449983
216,203,0.065826
218,236,3.825730
219,450,3.451111
220,10,2.917088
220,31,1.252663
220,158,0.496488
220,217,3.774397
221,5,7.560998
221,207,0.125191
221,316,5.613535
222,345,4.161447
222,476,5.150757
223,170,8.422019
223,495,4.655420
224,68,0.509930
225,195,2.032469
227,387,8.316924
228,109,8.397090
229,129,1.820146
231,230,9.341760
232,249,3.696714
232,475,6.282025
233,195,4.063805
234,250,4.454053
235,107,7.485628
235,173,1.318920
235,238,6.656428
235,307,5.817038
235,483,9.820504
236,462,9.215514
237,185,9.677554
237,297,2.795169
237,429,5.908681
238,300,8.348568
238,479,7.307178
239,71,3.501795
240,62,6.644831
240,146,8.693188
240,209,9.180493
241,29,9.518015
241,75,4.165914
241,99,9.625729
242,225,5.266555
242,504,8.182892
243,215,6.632301
243,241,9.414875
244,212,1.269076
244,488,8.868388
245,159,1.637951
245,466,6.028027
245,488,8.388399
246,167,3.921638
246,183,6.676805
249,57,0.010402
249,438,6.291244
250,442,5.747716
251,434,3.714664
252,166,5.768536
252,175,7.447239
253,7,4.431811
253,227,0.927091
253,255,9.924271
254,222,0.339706
254,311,4.877246
254,491,8.958283
255,460,6.889056
255,477,4.822385
256,400,9.471728
257,66,9.533089
257,314,1.279605
257,402,8.572986
258,2,0.080009
258,5,0.513429
258,418,6.417327
260,281,1.379563
260,352,8.248021
261,8,6.562318
262,271,5.269279
263,478,9.031533
264,171,2.783083
264,276,3.921020
265,9,2.437583
265,272,7.285782
265,274,2.020155
265,329,0.235339
265,459,1.887909
265,462,7.798788
266,218,6.666977
266,259,3.518214
266,332,2.927987
267,290,2.244731
267,398,4.053603
268,13,5.797829
268,37,4.378032
268,457,8.344486
269,8,8.492187
269,141,2.653971
270,300,5.339985
270,346,9.987369
270,358,1.230986
271,469,4.256819
272,16,2.143542
272,153,0.340442
272,374,1.069371
272,377,4.825667
273,297,2.582670
273,331,2.831820
273,337,2.089152
274,3,7.642995
274,50,5.762768
274,403,9.079399
275,77,1.149926
276,328,6.984644
276,432,7.482210
278,463,8.950687
280,444,3.465447
282,264,2.158341
282,270,0.187673
282,450,7.856845
283,210,7.302534
283,330,3.440815
284,286,3.628293
285,299,0.815745
285,342,7.766170
285,377,4.938022
287,29,6.430916
287,369,3.529621
287,446,2.822630
289,257,6.265263
290,114,1.583826
291,34,2.527033
292,39,8.547485
292,276,6.088360
292,500,3.742881
293,170,2.626008
293,454,0.718792
294,352,9.632803
295,36,1.983204
296,88,0.822452
297,433,1.534101
298,267,8.093147
298,363,0.464748
298,430,8.298925
298,442,8.013666
299,107,3.998154
299,455,6.555512
299,467,9.863772
300,224,4.141660
301,276,1.089406
302,46,8.672520
302,62,8.345345
302,358,7.172218
302,431,2.233173
302,441,0.025720
302,491,4.103560
302,510,0.234392
303,47,3.771249
304,50,7.940783
305,27,3.324718
305,167,6.542192
305,272,2.598607
305,320,9.870545
306,488,6.426829
308,340,3.775565
308,468,4.496577
311,341,5.862143
311,472,4.841177
311,497,0.825131
312,381,1.017083
314,155,8.418263
314,312,8.280991
315,257,8.134668
315,289,8.399560
316,31,6.424531
316,304,8.159436
316,309,1.944401
318,26,9.307213
318,306,3.790661
319,136,2.285285
320,128,9.858615
320,196,4.590225
320,456,2.797362
320,488,7.401917
321,44,3.046285
321,374,8.133762
322,43,7.180432
323,346,7.852879
324,86,5.774821
324,297,7.987972
326,358,6.281670
327,287,4.723846
327,425,5.300901
327,479,8.580666
327,494,3.997433
328,136,8.465899
329,257,4.574221
329,451,2.932024
329,484,9.999999
330,154,7.418750
330,171,7.967881
330,270,6.011337
331,123,2.524412
331,257,5.760484
331,299,7.479531
331,310,9.896455
332,348,5.552228
333,267,1.079034
334,362,2.470541
336,2,3.350310
336,218,0.702972
336,328,8.763855
336,381,1.462550
336,388,6.622292
337,353,5.854424
338,328,4.946223
338,382,9.249049
338,454,2.571272
338,480,6.210935
339,271,0.251426
339,315,6.111124
341,6,5.688691
341,213,3.745991
341,241,3.769007
342,498,5.835321
343,87,1.116957
343,274,6.854796
343,284,8.719989
344,97,9.745635
344,314,4.758689
345,285,9.921866
346,8,6.990058
346,344,4.755092
346,350,4.456622
347,112,4.400713
347,211,9.971796
347,339,1.251600
347,414,1.910676
348,308,6.566163
349,32,4.581588
349,67,1.400459
349,156,9.729906
349,415,8.523560
350,430,9.256976
351,341,4.672009
352,489,4.607903
353,321,8.662729
354,305,3.853811
354,335,8.144104
356,153,7.218637
357,489,3.146724
358,54,6.883539
358,302,1.665987
359,296,1.771299
360,40,1.988544
360,391,6.747777
362,112,3.240815
363,291,3.215035
364,317,8.705672
365,201,1.486271
366,117,9.420395
366,204,6.612663
367,62,1.711763
367,303,1.662483
367,334,3.618312
369,83,9.638754
369,373,0.248370
371,114,8.862854
372,296,9.133103
372,349,1.734036
372,367,8.146044
372,382,5.834805
373,309,4.722813
373,347,3.329800
373,505,5.134507
374,284,8.283367
374,290,0.057731
374,340,4.551114
375,127,8.436889
376,349,7.341769
377,25,4.235382
377,125,4.064682
377,185,5.260347
377,497,4.042842
378,322,2.655242
378,488,1.857830
379,319,6.210520
379,377,3.279860
380,212,1.851707
380,250,5.336472
380,470,9.258438
381,500,0.321563
382,366,5.654962
382,509,1.411188
383,462,3.098094
385,285,1.637051
385,320,3.802028
385,421,6.027085
386,387,3.357680
387,119,5.444847
387,392,2.885834
388,205,4.398811
388,449,3.262531
388,493,9.727233
390,391,3.190582
390,487,3.499198
391,470,9.855037
392,283,0.428431
393,142,7.854959
395,329,4.380732
396,142,2.833109
396,397,8.824198
397,53,6.707976
397,365,7.580753
397,456,8.535267
397,473,2.347161
398,136,2.620212
398,447,3.002034
399,271,9.918429
399,296,4.291810
399,441,4.643371
399,490,1.826985
401,272,5.038542
401,497,8.981380
402,132,6.295120
402,195,5.445049
402,258,0.557551
404,166,9.753186
404,325,8.700077
404,433,5.189188
405,461,9.696973
406,392,2.293427
406,417,8.966079
407,29,0.856881
407,176,7.713188
407,342,0.528838
407,415,0.725649
408,41,2.706474
408,441,6.876304
408,444,9.447028
409,443,9.118614
410,207,8.155165
410,463,4.823954
411,478,7.034800
412,60,1.692675
412,333,2.108541
413,148,3.734042
413,205,8.068950
413,381,6.592532
413,509,5.226087
414,54,6.072633
414,111,0.227441
414,223,3.779382
414,397,9.697302
415,29,7.934928
415,170,4.537750
415,391,2.449815
415,394,2.146055
415,507,4.076422
416,505,3.438056
417,285,6.887125
417,424,7.784037
418,5,0.226345
418,94,0.546983
419,483,1.643871
420,159,0.125670
422,48,9.215464
422,234,5.454703
422,327,5.569606
422,484,4.819484
423,393,4.092639
423,511,9.411370
424,153,5.900463
424,176,2.834796
424,421,7.460486
425,354,5.547545
425,444,1.180460
426,10,3.549509
426,15,2.664683
426,163,4.150348
426,406,5.301349
426,430,4.704758
426,456,0.997584
427,129,1.336819
427,185,4.388525
427,186,9.938119
428,127,3.505899
428,429,8.018276
429,170,3.019171
429,388,5.523695
429,465,5.070383
430,444,7.299117
431,172,2.178456
431,234,3.858337
432,153,2.650996
432,437,8.566465
433,253,8.934720
434,117,9.642323
434,278,2.847969
434,502,7.191789
435,185,4.869984
435,289,8.586179
435,295,0.213827
435,307,9.595555
436,273,9.978840
436,428,5.880726
437,321,4.088171
437,356,5.458898
437,501,5.751245
438,90,6.816543
438,295,5.642983
438,305,2.935795
439,230,9.780065
439,287,5.841215
439,492,5.220517
440,204,8.079320
440,276,5.951696
440,280,2.012020
440,284,2.815068
440,410,7.932617
440,500,7.894112
441,27,1.608476
441,181,7.616783
441,410,3.924014
442,18,3.333618
442,155,7.804296
442,187,9.543994
442,349,7.772615
442,432,8.421065
443,187,7.686255
443,227,5.856721
443,232,8.017976
443,411,6.910817
443,437,5.513680
444,358,5.873991
444,443,8.987406
446,176,2.606594
446,191,0.010391
446,507,0.927486
447,147,6.793635
447,171,7.455188
447,229,9.820065
447,315,7.829866
448,89,0.877258
448,99,9.268427
448,172,7.815748
448,500,2.873046
449,134,2.965614
449,201,9.100634
449,261,8.918944
449,272,7.526534
449,417,4.686389
450,228,2.095439
450,486,8.978731
451,511,9.587474
452,79,9.185173
452,261,2.636274
455,331,7.716792
455,451,7.759400
456,411,4.192543
457,139,6.474489
457,267,8.296625
457,345,7.804411
457,417,1.208769
457,463,9.918614
458,42,4.255076
458,264,6.339087
459,27,4.309228
459,201,7.987602
460,252,2.475449
460,270,0.425618
460,465,0.949062
461,362,0.444476
462,157,8.244079
462,431,5.124622
463,111,9.983011
463,231,2.123909
463,435,1.097958
464,470,3.877030
465,241,8.993074
465,406,8.172483
465,493,8.176232
466,201,4.590656
467,37,5.931129
467,345,6.678512
468,60,7.393580
468,241,6.258360
468,408,8.961994
468,503,3.290013
469,252,4.520081
470,31,2.595706
470,246,7.041457
470,412,6.912755
471,90,8.797659
471,141,2.175223
471,240,7.858369
471,400,7.157448
471,405,1.960339
471,406,0.214376
472,446,7.610661
473,448,4.207780
477,349,6.771742
477,495,0.514417
478,236,6.340581
478,504,1.104118
479,91,0.184998
479,235,5.386365
479,350,6.407140
479,441,0.287727
480,298,3.305703
480,404,3.763929
481,183,7.690822
481,208,7.629581
482,226,1.854093
482,234,8.386418
483,243,3.689814
483,327,7.869259
483,491,8.154821
484,306,8.979941
484,470,4.134022
485,499,5.548890
487,499,3.516174
488,115,9.720180
488,448,1.417075
489,365,8.017586
491,201,6.027680
491,362,7.553759
492,185,9.786229
492,255,7.301544
493,232,8.789996
493,437,6.779062
493,476,2.885628
494,39,0.231467
495,263,9.446517
495,323,5.685411
495,437,0.313488
495,501,6.420050
496,113,0.691954
496,156,5.747321
496,344,2.108236
498,148,7.571934
498,347,2.760725
498,360,3.748331
498,434,3.550793
499,255,6.226600
499,274,3.472444
499,507,5.164931
500,352,6.967211
501,446,8.078593
501,485,7.363953
502,358,3.285125
502,446,4.411975
502,484,9.331640
504,264,5.674928
504,511,9.877988
506,105,1.120634
506,362,4.450414
506,446,5.454413
508,502,1.493447
508,507,5.259309
509,240,5.882050
510,47,9.090431
510,123,5.084595
511,253,4.637463
