64340,130
64340,10332
64340,11883
64340,23103
64340,24643
64340,27713
64340,27819
64340,38660
64340,52993
64340,53029
64340,53464
64340,54089
64340,60049
64340,60697
64340,63471
64340,64246
64340,64279
64340,64305
64340,64314
64206,12440
64206,61395
64206,63843
64206,64340
64314,10144
64314,41568
64314,48060
64314,53477
64314,61155
64314,63299
64314,64252
64314,64279
64314,64305
64314,64340
64278,56137
64133,53969
64305,27929
64305,64252
64252,51755
64252,61857
64252,62181
64252,64340
112,64340
64336,46403
64336,57829
154,64314
64157,64340
64279,8752
64279,27785
64279,63176
63507,55610
64161,31662
64181,46399
64249,64178
60014,52578
64047,12967
461,463
466,467
467,57126
471,472
63813,64340
62707,64340
879,64305
17118,891
904,905
1229,1230
1256,1257
60114,31267
61386,53900
14126,8935
64100,52174
64100,62865
36156,64340
62134,58994
3765,33759
61079,14205
55708,64279
64301,57269
9032,64305
4645,64340
54768,64047
4985,4986
52636,18728
12965,64047
7222,7223
63176,8034
62187,14689
55975,60275
55975,64340
6592,6593
52104,6673
39393,46179
7219,7220
7221,7222
7225,61855
7227,64340
7230,20093
7232,29614
10515,10516
53644,7916
8030,58315
8032,63176
8034,13838
8037,8038
8167,45287
61395,12972
8940,61326
8942,61741
47977,20655
55493,9610
9631,9632
40251,14230
56672,56326
10700,10701
10476,10477
25502,10521
10691,10692
11715,62676
55516,64252
12967,60114
12969,64206
13204,64340
58650,17901
13376,13377
14152,63898
14156,14157
14213,14214
14697,42445
26173,26174
31894,14869
14873,14874
44931,64301
55252,35851
15687,64279
15764,64340
60124,45249
18024,18023
27918,19492
19893,19894
51755,48436
63302,64340
29312,29313
36266,42020
20653,47977
21064,21065
21222,38524
38524,64340
46961,64178
38316,38317
63562,36703
61815,60751
23108,23109
49030,43291
24606,64249
51198,24750
53456,62240
26072,26073
26141,26142
26142,26143
26144,26146
26146,26147
26147,26148
26150,26151
26151,26155
26155,26159
26152,26153
26153,26154
26161,26162
26162,26163
26163,26164
27134,49507
27699,46192
27703,64252
29299,29300
29310,29312
29316,29317
29548,62382
62217,62218
31925,31926
34182,41999
53479,53480
34439,34440
34753,34754
35114,58127
35857,35858
35858,35859
35862,35863
36798,62165
36805,36806
37385,37386
40822,40823
57911,57912
41561,41562
41564,41565
53871,64314
41569,41570
41684,41685
45148,47977
42128,42129
42193,53493
43291,43292
43590,43591
56137,45126
45308,45309
46181,46182
46183,46184
46368,64340
46378,46379
47171,60097
47313,47314
47366,47367
58616,56011
48430,58619
48693,64340
48824,48825
49872,64340
50108,50109
50755,64252
50839,50840
50847,64305
50856,50857
50857,50858
57888,57889
61032,63259
52337,52338
53388,61095
53477,53478
54280,60084
54840,54841
55275,55276
56093,56636
56179,56180
57878,64314
57882,64279
57909,57910
58367,58368
60045,60046
60058,60059
61209,64038
61575,64252
61933,61934
62180,62181
62183,64249
62213,62214
62219,62220
62221,64340
62551,64340
63549,63550
63555,63556
63556,63557
63560,64314
