59708,97
59708,9598
59708,11007
59708,21476
59708,22866
59708,25615
59708,25710
59708,26379
59708,37040
59708,49304
59708,49657
59708,50263
59708,50786
59708,55859
59708,56346
59708,59627
59708,59660
59708,59695
59587,11483
59587,56987
59587,59254
59587,59708
59695,9407
59695,38692
59695,44676
59695,49670
59695,56769
59695,58803
59695,59633
59695,59660
59695,59686
59695,59708
59633,7212
59633,48104
59633,57427
59633,57743
59633,59708
79,59708
59659,52184
59686,25809
59686,59633
59660,8125
59660,25676
59660,58642
58972,51668
59539,29184
12230,12231
59487,33584
59487,43150
59559,43146
59559,59487
59630,59556
55824,48898
59447,11977
399,401
404,405
405,53083
409,410
59200,59708
58213,59708
817,59686
15846,829
842,843
1151,1152
1178,1179
55889,17406
56978,50094
59535,59708
13082,8308
59108,31261
59108,58360
57696,54842
3554,4119
56715,13161
51766,59660
8405,59686
4391,59708
4688,4689
48955,17300
11975,59447
6712,6713
58642,7469
57749,13601
56987,11982
47937,55990
6137,6138
38424,6207
50911,59447
36590,42968
6709,6710
6711,6712
6715,57425
6717,59708
6720,18624
6722,27403
9774,9775
7465,54259
7467,58642
7469,12805
12805,57743
7472,7473
7586,42165
8313,8312
8315,57311
44604,19149
51551,8873
8894,8895
37475,13186
9913,9914
9735,9736
23637,9780
9904,9905
9914,59660
10850,58182
51574,59633
11974,11975
11977,55889
11979,59587
40108,52352
12218,59708
44123,16619
13108,54511
13112,13113
13169,13170
13609,39537
24207,24208
29395,13769
13773,13774
41895,59682
14523,59660
14600,59708
55899,42127
18025,18024
25798,18067
18424,18425
48104,45041
58806,59708
54802,54803
19147,44604
19536,19537
43660,59556
35562,35563
59016,34015
21481,21482
45615,40311
22829,59630
22959,22960
27140,22962
49649,56667
24117,24118
24175,24176
24176,24177
24178,24180
24180,24181
24181,24182
24184,24185
24185,24189
24189,24193
24186,24187
24187,24188
24195,24196
24196,24197
24197,24198
25102,46057
25601,42981
25605,59633
27337,57909
57779,57780
29426,29427
49672,49673
31852,31853
31918,31919
32188,32189
32538,54077
33185,33186
33192,33193
33193,33194
33197,33198
34110,57727
34117,34118
34675,34676
46324,59708
37977,37978
53861,53862
38685,38686
38688,38689
50065,59695
38693,38694
38798,38799
42077,44604
39231,39232
39285,49686
40311,40312
57385,56398
40610,40611
52184,42066
42186,42187
42969,42970
42970,42971
42972,42973
43115,59708
43123,59438
43125,43126
43837,55872
43968,43969
44021,44022
54480,52058
45035,54483
45311,59708
45431,45432
46323,46324
46421,59708
46624,46625
47240,59633
47361,47362
47369,59686
47378,47379
47379,47380
53838,53839
56668,58763
48668,48669
49581,56731
49670,49671
49906,59695
50467,50468
50961,50962
51344,51345
52140,52623
52226,52227
53828,59695
53832,59660
53859,53860
54311,54312
54789,54790
54800,54802
54806,54807
55855,55856
56812,59438
57145,59633
57490,57491
57742,57743
57745,59630
57775,57776
57781,57782
57783,59708
58057,59708
59003,59004
59009,59010
59010,59011
59014,59695
