51645,8314
51645,9402
51645,18686
51645,19950
51645,19977
51645,22372
51645,22454
51645,23486
51645,38028
51645,42846
51645,43123
51645,43638
51645,48372
51645,48804
51645,51564
51645,51597
51632,8114
51632,18093
51632,33680
51632,38793
51632,49190
51632,50883
51632,51570
51632,51597
51632,51623
51632,51645
51524,49408
51524,51645
51570,6304
51570,41834
51570,49675
51570,49954
51570,51645
41,51645
51596,45226
51137,26156
10576,10577
51437,14273
51437,29505
51496,14269
51496,51437
51567,51493
47900,38480
51397,10281
326,328
331,332
332,45999
336,337
51623,22540
51623,51570
50365,51645
51597,7095
51597,22420
51597,30275
51597,50725
700,51623
13882,712
725,726
50242,15238
51026,44794
968,35084
995,996
49361,43493
51472,51645
11310,7253
48412,36529
3064,3594
44879,51597
7350,51623
3810,3811
3831,51645
10279,51397
51476,25574
5884,5885
50725,6540
49960,11786
49408,10286
49149,11389
5384,5385
33389,5429
44137,51397
31931,37289
5881,5882
5883,5884
5887,49673
5889,51645
5892,16270
5894,23919
8447,8448
6536,47011
6538,50725
6540,11058
11058,49954
6543,6544
6632,36567
7258,7257
7260,7261
36476,16738
44689,7691
7712,7713
37912,11414
8548,8549
8408,8409
20633,8453
8539,8540
8549,51597
9103,9104
9104,9105
9106,9108
9108,9109
9109,9110
9112,9113
9113,9117
9117,9121
9114,9115
9115,9116
9123,9124
9124,9125
9125,9126
11847,9136
44712,51570
35552,9860
10278,10279
10281,50242
10283,51524
34833,45383
38269,14592
11336,47250
11340,11341
11397,11398
11794,11795
25785,11929
11933,11934
36314,51619
12625,51597
49919,47543
13320,13321
14238,51645
14246,51388
14248,14249
15718,15717
16082,16083
50886,51645
16736,36476
17046,17047
31075,31076
51057,29887
18691,18692
39609,35011
19940,51567
20044,20045
23670,20047
43115,49101
21015,21016
21873,40025
22358,37302
22362,51570
23022,48385
23867,50099
49990,49991
25816,25817
27928,27929
27994,27995
28595,46853
29132,29133
29139,29140
29140,29141
29144,29145
29925,49938
29932,29933
46662,46663
33673,33674
33676,33677
43476,51632
33681,33682
33755,33756
36475,36476
34161,34162
34202,34216
35011,35012
49633,48844
35289,35290
45226,36464
36588,36589
37290,37291
37291,37292
37293,37294
38138,38139
38179,38180
47219,45115
38682,38683
39317,51645
39437,39438
40363,51645
40563,40564
41223,41224
41231,51623
41240,41241
41241,41242
46639,46640
49102,50843
42298,42299
43047,43048
43329,51632
43779,43780
44187,44188
44507,44508
45182,45614
45255,45256
46629,51632
46633,51597
46660,46661
47063,47064
47490,47491
47501,47503
47503,47504
47507,47508
48368,48369
49221,51388
49477,51570
49738,49739
49953,49954
49956,51567
49986,49987
49992,49993
49994,51645
51044,51045
51050,51051
51051,51052
51055,51632
