44739,7095
44739,29138
44739,33578
44739,42702
44739,44677
44739,44704
44739,44730
44739,44752
44627,42822
44627,44752
44752,7284
44752,14926
44752,16274
44752,17382
44752,19632
44752,19714
44752,20169
44752,20549
44752,37458
44752,37908
44752,39558
44752,41997
44752,42407
44752,44704
44677,5600
44677,36244
44677,43098
44677,43290
44677,44752
27,44752
44703,39313
44358,22723
9297,9298
44587,25525
44587,32410
44646,32406
44646,44587
41670,33287
44547,9030
44730,19772
44730,44677
43675,44752
44704,6226
44704,18220
44704,19680
655,44730
12238,667
680,681
44247,38594
908,30298
935,936
43552,13400
42813,37814
15906,15900
42037,31601
2714,3203
6430,44730
3419,3420
3440,44752
44626,22250
5243,5244
43993,5752
43296,10386
42678,10021
28870,4891
38337,44547
27639,32271
5240,5241
5242,5243
5246,43096
5248,44752
5251,14187
5253,20928
5748,40833
5750,43993
5752,9750
9750,43290
5755,5756
5844,31639
42822,9035
31548,14570
38895,6692
6713,6714
32866,10046
7503,7504
7363,7364
7402,7403
18001,7408
7494,7495
7504,44704
7957,7958
7958,7959
7960,7962
7962,7963
7963,7964
7966,7967
7967,7971
7971,7975
7968,7969
7969,7970
7977,7978
7978,7979
7979,7980
10447,7990
9027,9028
9028,44547
9030,43552
9032,44627
33177,12839
9968,41093
9972,9973
10029,10030
10313,26411
10394,10395
10513,10514
10518,10519
31415,44726
30091,25752
11145,44704
36599,41357
11758,11759
34361,30225
13761,13760
14042,14043
14568,31548
14819,14820
14851,14853
14856,14857
14857,39913
14861,14862
14916,44674
26944,26945
15905,15904
15907,15908
16279,16280
17449,17450
20689,17452
18372,18373
19177,34737
19618,32284
19622,44677
20886,43388
41076,21369
43326,43327
22434,22435
24141,24142
24207,24208
24657,40704
25152,25153
25159,25160
25160,25161
25164,25165
25916,25917
25923,25924
40571,40572
29131,29132
29134,29135
37797,44739
29139,29140
29213,29214
29547,33365
30225,30226
43056,42432
30492,30493
31547,31548
31660,31661
32272,32273
32273,32274
32275,32276
32375,44752
32383,44538
32385,32386
32988,42010
33077,33078
33101,33102
33467,33468
34037,44752
34157,34158
35168,35169
35754,35755
35762,44730
35771,35772
35772,35773
40548,40549
42631,44078
36689,36690
37382,37383
37664,44739
38035,38036
38451,38452
38757,38758
39269,39270
40538,44739
40542,44704
40569,40570
40885,40886
41319,41320
41330,41332
41332,41333
41336,41337
41993,41994
42719,44538
42915,44677
43289,43290
43292,44674
43322,43323
43328,43329
43330,44752
44265,44266
44271,44272
44272,44273
44276,44739
