41955,6922
41955,27793
41955,31836
41955,40050
41955,41859
41955,41920
41955,41946
41955,41952
41731,40149
41731,41952
41952,7111
41952,14155
41952,15522
41952,16576
41952,18591
41952,18673
41952,35337
41952,35755
41952,37227
41952,39756
41952,41920
41859,5362
41859,34237
41859,40409
41859,40569
41859,41952
27,41952
41919,9847
41622,21670
41835,24361
41835,30736
41878,30732
41878,41835
38751,31561
41624,8745
41946,18731
41946,41859
40954,41952
41920,6011
41920,18639
41920,25061
622,41946
11727,634
647,648
41511,36322
875,876
902,903
40831,12799
40140,35661
15126,15120
40026,9720
39413,29943
2579,3061
29812,41942
3288,3289
3309,41952
39054,21226
5006,5007
41224,5535
40575,10072
4668,4669
36086,41624
26398,30597
5003,5004
5005,5006
5009,40407
5011,41952
5014,13538
5016,19779
5531,38355
5533,41224
5535,9449
9449,40569
5538,5539
5627,29981
40149,8750
29306,41946
32513,28799
36607,6535
6556,6557
31160,9745
7266,7267
7190,7191
7257,7258
7267,41920
7688,7689
7689,7690
7691,7693
7693,7694
7694,7695
7697,7698
7698,7702
7702,7706
7699,7700
7700,7701
7708,7709
7709,7710
7710,7711
7720,7721
8742,8743
8743,41624
8745,40831
8747,41731
31451,12280
9667,34856
9671,9672
9728,9729
9999,25238
10080,10081
10183,10184
10188,10189
28665,24575
34550,38756
11279,11280
13144,13143
13393,13394
14080,14082
14085,14086
14086,37566
14090,14091
14145,41874
25786,25787
15125,15124
15127,15128
15527,15528
16518,16519
16643,16644
19556,16646
22546,22547
17449,17450
18152,32837
18577,30610
18581,41859
19737,40667
31461,20296
20988,41920
40605,40606
21381,21382
22541,22542
23028,23029
23094,23095
23544,38242
24005,24006
24012,24013
24013,24014
24017,24018
24739,24740
24746,24747
27786,27787
27789,27790
35644,41955
27794,27795
27868,27869
28202,31639
28799,28800
40367,39781
29014,29015
30002,30003
30598,30599
30599,30600
30601,30602
30701,41952
30709,41802
30711,30712
31278,31277
31351,31352
31375,31376
31741,31742
32263,41952
32383,32384
33220,33221
33763,33764
33771,41946
33780,33781
33781,33782
38086,38087
39979,41342
34640,34641
35511,41955
35866,35867
36179,36180
36469,36470
36981,36982
38076,41955
38080,41920
38107,38108
38109,38110
38407,38408
38718,38719
38729,38731
38731,38732
38735,38736
40067,41802
40242,41859
40568,40569
40571,41874
40601,40602
40607,40608
40609,41952
41529,41530
41535,41536
41536,41537
41540,41955
