39384,19021
39384,22621
39384,22648
39384,29513
39384,29796
39384,29879
39384,34412
39384,36170
39384,39190
39310,20185
39310,27087
39310,33057
39310,37792
39310,39384
35736,35676
39386,22043
39386,25720
39386,37690
39386,38116
39386,39190
39386,39384
39052,34101
39052,39384
39127,32525
39357,20966
39125,32349
35918,31419
39190,10855
39190,22734
39190,29652
39189,19728
305,306
39293,9041
39293,33482
38696,18424
39130,29968
39130,39310
27089,27090
585,39384
34101,32530
38169,25373
37749,32653
38701,33478
38701,39293
37731,37732
38760,29281
38776,39384
2832,39190
2844,2845
38256,9604
33054,33055
3293,3294
3423,27162
3450,3451
4882,4883
4890,39130
4899,4900
4900,4901
30518,16417
30833,30834
23186,23180
5343,5344
5456,5457
6454,34269
22946,22947
25193,16442
28340,28341
8612,8613
8619,8620
8620,8621
8624,8625
9516,9515
30471,38768
9874,9875
10350,10351
10357,10358
11398,11399
12493,12494
12559,39384
13325,13326
13666,39386
16485,13742
22041,39386
14710,27076
25370,25367
16364,24894
16368,16369
16425,16426
18497,32887
17063,17064
17183,17185
17188,17189
17189,24123
17193,17194
17525,17526
17908,17909
18499,18500
18501,30553
30553,18503
18505,34379
18507,39384
18510,18511
18512,18513
19026,19027
19679,39032
20962,24788
20964,39357
20966,35332
35332,37792
20969,20970
21208,30872
36815,33330
22036,22037
22039,22040
22044,22045
22260,22261
22611,39275
22944,22945
23185,23184
23187,23188
23222,23223
23227,23228
24423,24424
24438,24452
25388,25389
27002,27003
26002,26003
26013,26015
26015,26016
26019,26020
26132,26133
26300,26301
26301,26302
26303,26305
26305,26306
26306,26307
26309,26310
26310,26314
26314,26318
26311,26312
26312,26313
26320,26321
26321,26322
26322,26323
26332,26333
26838,39310
26993,26994
27003,39190
27090,27091
32755,29996
27613,27614
28330,39386
28334,39190
28361,28362
28363,28364
38134,39164
36310,39130
28845,28846
29289,30989
29499,32900
29503,39310
31080,39065
32522,32523
32523,39127
32525,39125
32527,39052
32888,32889
32889,32890
32891,32892
33043,39130
33068,33069
33447,39384
33455,39065
33457,33458
34134,37869
34155,37792
34158,39275
34188,34189
34793,34193
34194,34195
34196,39384
35800,35799
36698,36699
37302,37303
37558,37559
37628,37629
37634,37635
37635,37636
37639,39386
38122,38123
38127,38128
38180,38181
