132296,129251
132296,132304
132208,123923
132208,125172
132208,132304
132304,4063
132304,13505
132304,20545
132304,21799
132304,24064
132304,39666
132304,58174
132304,58571
132304,70159
132304,70711
132304,88500
132304,94904
132304,95363
132304,102753
132304,103676
132304,104970
132304,106472
132304,106997
132304,110031
132304,110354
132304,113087
132304,113950
132304,116470
132304,117476
132304,120754
132304,123754
132304,124448
132304,124470
132304,124641
132304,126474
132304,126766
132304,127236
132304,129103
132304,129902
132304,131245
132304,131399
132304,131540
132304,131976
132304,131988
132304,132208
132304,132221
132304,132296
132221,6853
132221,53302
132221,58187
132221,63177
132221,91487
132221,130303
132221,131242
132221,132140
132221,132208
132221,132230
132221,132296
132221,132304
130756,131747
130756,132304
132301,117786
132140,13747
132140,132208
132140,132221
131330,93805
130711,131302
132283,112734
132283,131747
131851,87245
132302,116771
132302,131470
132302,132221
132230,132304
132305,34853
132305,128421
132305,132221
132305,132304
126177,129493
116633,132304
131371,132304
131242,127423
128498,132304
131988,131747
131988,132304
706,132304
132075,80015
131849,29359
130681,110603
132101,103581
131542,132304
131430,37776
131245,132304
131470,126934
131470,131504
130301,121314
131052,124657
132202,73234
113852,85729
126508,132305
124448,132304
130388,130389
131504,128421
131540,132304
103790,98038
130453,132208
130453,132221
4965,132283
123754,74955
129902,132304
121612,131747
117364,125949
128712,132304
68374,6602
130018,99682
131729,132304
127217,132075
49903,49904
85726,68642
85726,132304
116470,116471
116470,124677
35362,35363
91309,131977
116912,40925
15418,15419
16470,132304
40923,116912
117219,132304
113814,113815
18759,18760
20357,20355
102152,132304
117786,21555
51989,116912
24103,128421
24108,24109
108327,94412
24291,24292
26836,129837
27758,27759
51092,43051
28873,28874
29531,132304
31553,31554
37769,132075
33804,128569
34502,34503
58369,34550
34803,34804
100111,104397
120931,132304
37691,120589
37773,132296
130339,132010
39430,132045
40273,130847
42051,132304
42193,120158
42977,42978
43034,43035
115358,115362
96164,132304
121852,49988
127932,131330
126079,131715
55545,104624
109868,132221
56112,56113
58092,58093
58187,58188
58974,112431
69618,132208
60202,60203
60866,85726
61766,132230
62260,132283
62290,121062
79457,62295
62298,132304
63118,63119
64110,64111
64994,132304
85729,85730
123609,132221
70164,70165
79738,70917
71173,123706
72323,72324
89345,81293
81683,105196
81690,81691
117669,132208
84581,84582
84584,84585
84589,84590
86063,132208
87214,132304
88127,88029
88088,115676
88943,88944
92945,103245
129725,132304
94409,108327
94415,94416
94900,94901
96790,103549
96801,132221
97351,132221
99951,99952
125044,125045
101463,101464
124660,132140
103175,103176
128168,128166
104495,132304
106720,106734
107144,111602
108019,132208
109264,130661
128374,128375
109858,117786
125585,109879
109899,109900
119832,109902
110317,132283
113293,129818
113624,113625
113963,132304
117791,132230
124362,132304
126953,126954
122415,132305
122738,128340
122997,122998
124361,124362
125043,125044
125047,125048
125054,125055
126942,132140
127442,127443
128347,128348
128348,128349
128351,128352
128352,128356
128356,128360
128354,128355
128363,128364
128364,128365
129929,129930
