119622,117634
119622,119650
119570,111656
119570,112168
119570,113203
119570,119650
119650,12195
119650,18747
119650,19943
119650,22051
119650,26499
119650,36347
119650,53522
119650,53948
119650,64385
119650,64873
119650,68590
119650,80893
119650,86613
119650,87077
119650,88909
119650,93550
119650,94408
119650,96789
119650,100047
119650,100319
119650,102590
119650,103449
119650,105648
119650,109330
119650,112031
119650,112632
119650,112651
119650,114421
119650,114662
119650,115089
119650,116117
119650,116758
119650,119388
119650,119409
119650,119526
119650,119570
119650,119578
119650,119622
119578,6154
119578,48838
119578,53535
119578,58131
119578,116038
119578,118740
119578,119526
119578,119570
119578,119586
119578,119622
119578,119650
118332,117971
118332,119650
119647,106809
119526,12428
119526,119570
119526,119578
119636,117971
119269,79889
119648,105881
119648,118959
119648,119578
119586,119650
119651,32131
119651,113685
119651,119578
119651,119650
114120,107296
118740,115284
116135,119650
119409,117971
119409,119650
119481,73137
119267,72546
112698,100522
119489,94331
119028,119650
118296,34781
118743,119650
118959,107173
118959,118993
115913,109896
118287,118782
119564,66866
118552,112849
117236,119651
117993,117994
115073,119481
33406,119650
119026,119650
3764,113685
3769,3770
4502,119636
112031,68457
116117,119650
116337,119650
74536,119337
103357,78545
114240,117971
118993,113685
46096,46097
118885,119650
111656,111657
111656,119650
32573,32574
106440,113901
104807,104808
83520,119389
119183,119650
106052,37547
112632,119650
13902,13903
117117,119578
15018,119650
36813,116588
15559,106809
106809,19718
105648,104355
105648,105649
103319,103320
17164,17165
18558,18556
47791,106052
98473,86200
22215,22216
106330,119650
24467,117493
25333,25334
111886,119578
47062,39619
26938,119650
28841,28842
28982,105644
70114,119650
110152,119650
34774,119481
31223,116206
87777,119650
31810,31811
53700,31859
34691,109155
34778,119622
117953,117954
36929,36930
37545,106052
38585,119650
39545,39546
39602,39603
104663,104667
45391,45392
45616,45617
47144,47145
115690,118847
51012,95207
99905,119578
51580,51581
51673,51674
52768,52769
53440,53441
53535,53536
54343,89629
63904,119570
56078,111656
56876,119586
57289,119636
57319,109641
72452,57324
57325,57326
57327,119650
58068,58069
58983,58984
78545,78546
118809,118810
64390,64391
72793,65021
65274,111983
109518,119650
67465,119650
114028,119169
81657,74403
74795,95687
74802,74803
106726,119570
77539,77540
77542,77543
83796,119578
77547,77548
78808,119570
79858,119650
80461,80462
80532,104945
81308,81309
84858,94063
117317,119650
86197,98473
86203,86204
86609,86610
88359,94299
88370,119578
88811,119578
90546,90547
91318,91319
113086,113087
92374,92375
109925,119526
115856,115854
95100,119650
97039,97053
97442,101366
98195,119570
98283,98284
99315,118236
115999,116000
99909,119651
113558,99916
99936,99937
108559,99939
100282,119636
102759,117471
103459,119650
106814,119586
112559,119650
114827,114828
110859,119651
111153,115965
111374,111375
112558,112559
113085,113086
113089,113090
113091,119650
113096,113097
114816,119526
114841,114842
115303,115304
115967,115968
115970,115972
115972,115973
115973,115974
115976,115977
115977,115981
115981,115985
115978,115979
115979,115980
115988,115989
115989,115990
117566,117567
