108250,106607
108250,108274
108202,100962
108202,102353
108202,108274
108274,11352
108274,17425
108274,20474
108274,24597
108274,33426
108274,48670
108274,48799
108274,49066
108274,58924
108274,60739
108274,62216
108274,73368
108274,78561
108274,78994
108274,84777
108274,85522
108274,87717
108274,90777
108274,92772
108274,95768
108274,98938
108274,101929
108274,103485
108274,103545
108274,103672
108274,104076
108274,104696
108274,105775
108274,108031
108274,108052
108274,108098
108274,108165
108274,108202
108274,108210
108274,108250
108274,108275
108210,5384
108210,44491
108210,48683
108210,52739
108210,104991
108210,107539
108210,108165
108210,108202
108210,108218
108210,108250
108210,108274
108210,108275
107507,108274
108271,96799
108165,11578
108165,108202
107934,72436
108272,96054
108272,107669
108272,108210
108218,108274
108275,29652
108275,102795
108275,108210
108264,106840
107539,104371
103589,108274
108052,106840
108052,108274
107932,65844
107840,66387
106247,55639
107738,108274
107669,106702
107669,107703
107108,107572
106516,97326
105259,108274
1757,1758
107357,102104
71766,71767
102350,108275
106858,106859
104064,107840
107736,108274
3350,102795
3352,35198
3355,3356
3958,108264
92772,62146
108098,108274
108196,50357
67665,107980
107703,102795
6503,6504
71256,71257
108083,99486
105557,106840
41961,41962
9386,108274
96522,103006
96522,108274
107117,32008
94919,94920
75721,108032
107848,108274
87391,34499
103545,108274
99511,108165
14043,108274
33815,105621
95768,94478
95768,95769
105945,93475
16028,49352
100962,100963
100962,108274
17225,17223
96799,18245
43623,87391
100771,93225
89264,78210
20630,20631
20647,20648
82932,108274
22676,89221
23497,23498
101172,108210
24997,108274
25263,25264
26280,105136
26284,26285
99973,108274
95961,108274
99710,108274
32001,107840
79691,108274
48836,29412
30013,30014
31916,98834
32005,108250
106830,106831
33907,33908
34497,87391
35454,108274
94775,94779
103215,107591
41455,41456
85083,59023
42968,42969
46456,86229
105446,108210
46564,108210
46930,46931
47286,108202
47936,47937
48536,99882
48588,48589
48683,48684
49380,81397
58128,108202
50143,86598
50889,100962
51521,108218
51893,108264
51923,80012
65750,51928
51929,51930
51931,108274
52649,52650
53544,53545
71257,71258
57320,57321
58949,58950
59006,59007
66098,59136
99132,108274
62221,62222
62746,108274
103133,107834
67550,67551
67551,67552
67918,79586
67925,67926
70352,70353
70355,70356
75953,108210
70360,70361
71162,108202
71763,71764
71765,71766
71769,71770
71771,108274
71776,71777
72405,108274
72935,72936
73002,95051
73725,73726
76222,95764
77024,85237
78207,89264
78213,78214
78557,78558
80260,85425
80267,80268
80271,108210
80661,108210
82174,82175
83700,83701
86140,108274
87945,87959
88997,108202
89081,89082
90018,107061
104925,104926
90707,100048
90740,108264
92922,106460
93624,108274
96804,108218
101842,108274
103860,103861
105479,105480
100096,100097
100301,108275
100748,100749
100957,105948
101841,101842
105456,105457
103849,108165
103874,103875
104251,104252
104390,104391
104792,104790
104893,104894
104896,104898
104898,104899
104899,104900
104902,104903
104903,104907
104907,104911
104904,104905
104905,104906
104914,104915
104915,104916
105450,108275
105477,105478
106537,106538
107178,107179
