97540,87994
98148,40887
98148,44800
98148,95272
98148,97552
98148,97987
98148,98039
98148,98117
98148,98140
98148,98184
98148,98195
97520,98195
98184,96758
98184,98195
98195,82
98195,10251
98195,15523
98195,18490
98195,22254
98195,30423
98195,44787
98195,44908
98195,45170
98195,54031
98195,56986
98195,67033
98195,71642
98195,72065
98195,77174
98195,77842
98195,79857
98195,82565
98195,84320
98195,87080
98195,88555
98195,88993
98195,89866
98195,92554
98195,93891
98195,93936
98195,94043
98195,94433
98195,97987
98195,98050
98195,98117
98195,98140
98195,98148
98195,98184
98117,10470
98117,98140
98140,91633
98140,92877
98140,98195
64,98195
98165,66185
97988,87340
97988,97688
98039,98195
97987,26819
97987,92178
97987,98148
98198,96967
97552,94718
98159,98195
98163,60168
97843,29106
97843,96667
93420,25009
97757,98195
97688,96848
97688,97722
97193,97575
96667,88462
95494,98195
1671,1672
97401,92714
65657,65658
92874,97987
94421,97843
97755,98195
3166,92178
3168,32156
3171,3172
3672,98198
98050,98195
96985,96986
98134,55694
96677,41131
65152,65153
98035,90390
97722,92178
93775,96967
38552,38553
91633,91634
91633,98195
86251,86252
69236,98122
97202,29111
97851,98195
84320,56924
90415,98117
37645,95888
87080,85847
87080,87081
87156,51969
87751,93407
87751,98195
93936,98195
14341,14342
15351,15349
87994,16320
40138,79569
79569,31432
91480,84743
81280,71313
79141,98039
18631,18632
18648,18649
18649,18650
75647,98195
21217,21218
91823,98148
77440,54125
22615,98195
22873,22874
96180,84978
97621,98195
87247,98195
25318,98195
29104,97843
26111,95407
26115,26116
72669,98195
44945,26589
27155,27156
28961,77588
29024,53330
29108,98184
96957,96958
30840,30841
31430,79569
32353,98195
64397,64398
86117,86121
93652,92708
38006,38007
38182,38183
39513,39514
39687,39688
40143,40144
41176,78480
95683,98148
42836,98148
43447,98140
44058,44059
44658,90725
44705,44706
44800,44801
45448,74280
53289,98140
46153,78810
46773,91633
46776,97962
47312,98039
47659,98198
47689,72980
60074,47694
47695,47696
47697,98195
49158,49159
65153,65154
52606,52607
52597,52598
54051,54052
54108,54109
60422,54219
90056,98195
56991,56992
57426,98195
93570,97837
60270,60271
61798,61799
61799,61800
62206,72569
62213,62214
64354,64355
64357,64358
69446,98148
64362,64363
65104,98140
65654,65655
65656,65657
65660,65661
65662,98195
65667,65668
66154,98195
66637,66638
66704,86378
67367,67368
69690,87076
71310,81280
71316,71317
71638,71639
73199,77755
73206,73207
73210,98148
73574,98148
74962,74963
76362,76363
78396,98195
80080,80094
81063,98140
81909,97154
95204,95205
82495,90861
82528,98198
84450,96622
85102,98195
87999,98039
92458,98195
94249,94250
95716,95717
90899,90900
91096,97987
91628,96183
91812,98195
92457,92458
92491,98195
95693,95694
94238,98117
94263,94264
94598,94599
94737,94738
95172,95173
95175,95177
95177,95178
95178,95179
95181,95182
95182,95186
95186,95190
95183,95184
95184,95185
95192,95193
95193,95194
95194,95195
95687,97987
95714,95715
96276,96277
96688,96689
97448,97449
