55688,85
55688,1597
55688,9125
55688,10393
55688,20012
55688,21282
55688,23911
55688,24006
55688,24620
55688,25148
55688,45959
55688,46288
55688,46829
55688,47298
55688,52028
55688,52515
55688,55607
55688,55640
55675,19407
55675,36045
55675,41528
55675,52914
55675,53187
55675,54848
55675,55613
55675,55640
55675,55666
55675,55688
55567,10825
55567,53120
55567,55013
55567,55688
55613,6841
55613,44854
55613,53507
55613,53799
55613,55688
67,55688
55639,48586
55666,24092
55666,55613
55128,27951
55128,54444
55208,55688
11518,11519
55467,31361
55467,40171
55539,40167
55539,55467
55610,55536
51499,41217
55427,11302
404,406
409,410
410,49436
414,415
54225,55688
55640,7697
55640,23972
55640,32157
55640,54690
804,55666
14902,816
829,830
55004,48108
1089,37626
1116,1117
53191,16325
53111,46671
55515,55688
1587,55610
12322,7868
53764,51103
3395,3925
48206,55640
7965,55666
4180,4181
4201,55688
11300,55427
55519,27311
6389,6390
54690,7077
53805,12824
53120,11307
52860,12401
44687,52159
5850,5851
35754,5908
47399,55427
34091,39989
6386,6387
6388,6389
6392,53505
6394,55688
6397,17440
6399,25581
9284,9285
7073,50532
7075,54690
7077,12057
12057,53799
7080,7081
7182,39235
7873,7872
7875,53391
39148,17942
42427,37553
48003,8423
8444,8445
34899,12426
9245,9246
22013,9290
9425,9426
53220,9435
9435,55640
48026,55613
24081,10852
11299,11300
11302,53191
11304,55567
37362,48754
41006,15627
12348,50784
12352,12353
12409,12410
12832,12833
22536,22537
27522,12980
12984,12985
38989,55662
13689,55640
52068,39197
16890,16889
17252,17253
54851,55688
17940,39148
18302,18303
40603,55536
33183,33184
55048,31752
20017,20018
21375,21376
25332,21378
46280,54264
22446,22447
22504,22505
22505,22506
22507,22509
22509,22510
22510,22511
22513,22514
22514,22518
22518,22522
22515,22516
22516,22517
22524,22525
22525,22526
22526,22527
23398,42833
23897,40002
23901,55613
25529,53953
53835,53836
27553,27554
29805,29806
29871,29872
30390,50374
30962,30963
30969,30970
30970,30971
30974,30975
31803,53783
31810,31811
32356,32357
43088,55688
35367,35368
50170,50171
36038,36039
36041,36042
46654,55675
36046,36047
36133,36134
39147,39148
36555,36556
36609,36623
37553,37554
53465,52555
37853,37854
48586,39136
39256,39257
39990,39991
39991,39992
39993,39994
40136,55688
40144,55418
40146,40147
40756,52041
40875,40876
40916,40917
50753,48473
41419,41420
42109,55688
42229,42230
43087,43088
43197,55688
43410,43411
44012,55613
44133,44134
44141,55666
44150,44151
44151,44152
50147,50148
52813,54808
45359,45360
46212,52876
46507,55675
47015,47016
47449,47450
47808,47809
48542,49012
48628,48629
50137,55675
50141,55640
50168,50169
50584,50585
51050,51051
51061,51063
51063,51064
51067,51068
52024,52025
52945,55418
53283,55613
53570,53571
53798,53799
53801,55610
53831,53832
53837,53838
53839,55688
54081,55688
55035,55036
55041,55042
55042,55043
55046,55675
