119622,33567
119622,117634
119622,118296
119622,119650
119570,61600
119570,94056
119570,111656
119570,112168
119570,113203
119570,114830
119570,119650
119650,111
119650,12195
119650,16804
119650,18747
119650,19943
119650,22051
119650,26499
119650,27296
119650,32073
119650,36347
119650,53522
119650,53948
119650,56081
119650,64385
119650,64873
119650,68590
119650,80893
119650,86613
119650,87077
119650,88909
119650,93550
119650,93777
119650,94408
119650,96789
119650,100047
119650,100319
119650,102590
119650,103449
119650,105104
119650,105648
119650,109330
119650,112031
119650,112632
119650,112651
119650,113166
119650,114421
119650,114662
119650,115050
119650,115089
119650,116117
119650,116758
119650,119276
119650,119388
119650,119409
119650,119526
119650,119570
119650,119578
119650,119622
119650,119651
119578,6154
119578,20742
119578,38509
119578,48838
119578,53535
119578,58131
119578,62746
119578,77546
119578,78254
119578,110308
119578,112495
119578,116038
119578,117954
119578,118740
119578,119207
119578,119526
119578,119570
119578,119586
119578,119622
119578,119650
119578,119651
118332,117971
118332,119650
119647,106809
119565,119534
119526,12428
119526,119570
119526,119578
88,119650
119636,117971
119269,79889
119269,119648
119648,79893
119648,105881
119648,118959
119648,119578
119586,119650
119651,32131
119651,77225
119651,106185
119651,113685
119651,119578
119651,119650
114120,107296
118740,115284
116135,119650
119409,117971
119409,119650
96651,96652
119481,73137
119481,117545
100038,88147
119267,72546
112698,100522
119489,94331
119028,119650
115734,39594
116403,119605
118296,34781
118743,119650
118959,107173
118959,118993
115913,109896
118287,118782
113685,3766
119564,66866
117545,107406
118552,112849
106775,119570
93170,50371
117236,119651
114485,34683
2846,116403
117993,117994
113971,3124
115073,119481
33406,119650
119026,119650
3762,25281
3764,113685
3766,31406
31406,113203
3769,3770
72599,118837
117888,116340
65032,119564
22154,119586
99594,99357
4502,119636
112031,68457
116117,119650
116337,119650
112860,117573
119452,54145
104187,99310
107107,104662
117555,49145
74536,119337
103357,78545
114240,117971
118993,113685
46096,46097
118885,119650
111656,111657
111656,119650
118609,71407
32573,32574
106440,113901
106440,119650
104807,104808
83520,119389
11546,11547
12181,110903
12185,119570
119183,119650
106052,37547
112632,119650
112495,117146
13761,35689
13902,13903
117117,119578
15018,119650
36813,116588
15559,106809
106809,19718
105648,104355
105648,105649
82903,81641
105934,62325
103319,103320
17164,17165
18042,65032
18558,18556
115519,74395
47791,106052
19822,19823
73940,20204
20704,20705
113081,113082
111407,103068
98473,86200
22215,22216
22223,119526
22232,22233
22233,22234
106330,119650
24467,117493
25333,25334
111886,119578
47062,39619
26938,119650
95831,117793
28091,28092
28841,28842
28982,105644
70114,119650
30178,30179
110152,119650
34774,119481
31217,31219
31222,31223
31223,116206
31227,31228
87777,119650
31810,31811
53700,31859
33135,118661
34691,109155
34773,34774
73137,117545
34778,119622
76367,119650
117953,117954
36929,36930
37545,106052
88372,116247
38585,119650
114347,114348
39541,119337
39545,39546
39602,39603
104663,104667
41279,110414
43477,43478
53537,53538
44368,44369
45391,45392
45616,45617
46193,46194
46931,118598
47144,47145
115690,118847
47796,47797
51012,95207
99905,119578
51111,51112
51116,119578
51580,51581
51673,51674
52768,52769
53380,110347
53440,53441
53535,53536
53538,53539
54343,89629
63904,119570
56078,111656
56081,119337
56876,119586
57286,113203
57289,119636
57319,109641
72452,57324
57325,57326
57327,119650
57343,57344
58068,58069
58956,99050
58983,58984
118800,118801
78545,78546
62346,62347
118809,118810
64390,64391
104617,119650
72793,65021
65025,65026
65274,111983
109518,119650
67465,119650
69071,119650
69332,69333
82330,69335
114028,119169
72648,72649
74401,81657
81657,74403
74406,74407
74795,95687
74802,74803
75443,111263
106726,119570
77539,77540
77542,77543
83796,119578
77547,77548
78700,78701
78808,119570
104802,104803
79858,119650
79866,119586
79868,79869
80313,118100
80461,80462
80532,104945
81308,81309
84326,84327
84858,94063
117317,119650
86186,86187
86197,98473
86203,86204
86609,86610
88359,94299
88365,88366
88366,88367
88370,119578
88811,119578
90546,90547
91318,91319
113086,113087
92214,104782
92374,92375
109925,119526
115856,115854
94352,94351
95100,119650
95193,95194
95448,112632
97039,97053
97442,101366
98195,119570
98222,98221
98283,98284
99315,118236
99317,111452
115999,116000
99909,119651
113558,99916
99936,99937
108559,99939
100245,110596
100282,119636
102759,117471
103459,119650
105034,105035
106814,119586
112559,119650
114827,114828
110185,110186
116383,110649
110748,119650
110859,119651
110891,110892
110892,110893
110894,110895
111153,115965
111374,111375
111378,119650
111651,111652
111875,119650
112014,112015
112558,112559
112810,112811
113083,113084
113085,113086
113089,113090
113091,119650
113094,113095
113096,113097
114816,119526
114841,114842
115303,115304
115967,115968
115968,115969
115970,115972
115972,115973
115973,115974
115976,115977
115977,115981
115981,115985
115978,115979
115979,115980
115987,115988
115988,115989
115989,115990
117012,117013
117566,117567
118432,119570
118810,119651
