108230  90784
108256  21560
108256  28394
108256  47814
108256  69650
108256  72028
108256  76860
108256  77827
108256  99216
108256  102274
108256  103191
108256  104709
108256  104833
108256  105030
108256  105175
108256  105784
108256  107813
108256  108027
108256  108248
108256  108253
108253  64361
108253  104480
108253  107877
108253  108027
108253  108036
108253  108238
108253  108256
107529  107660
108257  108253
107660  104387
108027  108256
108248  108256
107840  105077
105784  105077
105784  108256
107616  64330
107813  108256
107517  108256
105411  108256
107870  98271
107398  69051
106189  108256
108160  108257
77534   102847
105175  108256
107777  107114
2723    108036
97848   108256
98453   108256
53373   108027
6399    107840
107234  108256
29106   29107
47872   108253
104441  105077
11428   11429
53834   11445
67910   103461
18899   18900
21556   21557
99216   66676
99216   102384
106520  100753
102892  108256
24812   24813
27930   108036
62928   84697
50948   50949
46245   108257
47043   47044
75538   108238
89054   108256
50821   50822
56009   108253
52300   50972
51637   51638
54716   97403
57967   57968
59281   103974
59875   108027
61000   108256
62728   94002
64405   64406
68169   68170
68565   100395
68573   108256
69295   107972
73335   73336
73340   73344
73342   73343
73351   73352
73352   73353
74773   74774
77991   77989
89419   107114
95190   95191
95317   108253
104007  104931
105818  105819
106115  106129
