108230  90784
108256  932
108256  1224
108256  21560
108256  28394
108256  30221
108256  40577
108256  45993
108256  47814
108256  50029
108256  57238
108256  61231
108256  64983
108256  68976
108256  69650
108256  70935
108256  72028
108256  74768
108256  76860
108256  77827
108256  77887
108256  80318
108256  89394
108256  92390
108256  93685
108256  95560
108256  96502
108256  97553
108256  99216
108256  100201
108256  102274
108256  103191
108256  104709
108256  104833
108256  105030
108256  105175
108256  105784
108256  107750
108256  107813
108256  108027
108256  108238
108256  108248
108256  108253
108256  108257
108253  8091
108253  39265
108253  47408
108253  51644
108253  64361
108253  75709
108253  77656
108253  83892
108253  91294
108253  91785
108253  103567
108253  104480
108253  107801
108253  107877
108253  108027
108253  108036
108253  108238
108253  108248
108253  108256
108253  108257
108000  88031
107114  89421
107973  107974
108103  39225
108103  108000
107529  69055
107529  93611
107529  107660
107529  108253
107798  106930
108257  26370
108257  91260
108257  106316
108257  107114
108257  108253
107660  104387
107660  107777
108027  24324
108027  43873
108027  98768
108027  102892
108027  108256
108036  108256
108248  3119
108248  105684
108248  107519
108248  108256
108238  67951
108238  108027
107877  86689
107840  105077
581 46570
608 609
107554  75776
105784  105077
105784  108256
107616  64330
107813  108256
107517  108256
105411  108256
107870  98271
107398  69051
107398  107529
106189  108256
1104    1105
1121    108027
107519  39230
106874  105133
108160  108257
77534   102847
104833  51328
105175  108256
107777  107114
2723    108036
2758    67869
105743  107598
105743  108256
3432    58102
107934  100653
97848   108256
98453   108256
106494  80523
58943   58944
108203  108204
80530   91179
53373   108027
6396    98768
6399    107840
100270  17502
106906  56407
6693    54785
54785   107616
104648  76345
106303  28070
106974  108256
7217    7218
91600   87518
107234  108256
108084  108256
29106   29107
47872   108253
104441  105077
108228  108229
47044   47045
87499   64398
70115   108256
98304   71290
11428   11429
53834   11445
11449   11450
90296   90295
67910   103461
12992   12993
99704   98642
61576   61577
13399   34212
13406   13407
15455   15456
90773   90774
95668   47203
16722   108256
17033   108256
86147   83602
17172   17173
17510   94099
17614   21240
17734   17735
61218   108256
17995   17996
18899   18900
78786   91785
19488   55883
20260   20261
21556   21557
78880   78877
22161   107840
108205  108209
71525   41984
105896  56252
23896   105277
99216   66676
99216   102384
106520  100753
24498   100432
24511   24512
102892  75756
102892  108256
41984   24588
24812   24813
100727  100728
24984   108256
91294   95491
68569   68570
90915   107480
27930   108036
62928   84697
84697   33142
28755   108256
29097   29098
29107   108257
90784   57180
30231   30232
31997   31998
99155   32000
94494   98576
33140   84697
73362   73363
34095   34096
94746   108027
34355   34356
34366   104919
104919  34369
34372   34373
34491   34490
84239   44018
35318   108256
105971  108103
35431   35432
86603   84509
39225   108000
36039   108256
74145   74139
37284   58409
38067   106005
75583   38277
68170   108256
39222   85317
85317   108103
39227   108248
107178  86281
39556   39557
43859   108238
50307   43871
43884   43885
50948   50949
45004   108256
45579   45580
46245   108257
47041   47042
47043   47044
47047   47048
47049   108256
47052   101844
47054   47055
47408   47409
90902   47411
47411   47412
75095   108256
75538   108238
89054   108256
49026   49027
49160   49161
49377   49378
58938   58939
50821   50822
56009   108253
50942   108257
50969   51650
52300   50972
51637   51638
51640   51641
60412   108253
51645   84981
53153   53154
53202   108256
58476   107354
54622   74884
54716   97403
57967   57968
59281   103974
59527   59529
59532   59533
59533   107494
59537   59538
95845   59571
59875   108027
60481   60482
60594   60595
61000   108256
61816   104584
66524   66525
62568   107270
62728   94002
62933   62934
64404   64405
64405   64406
64409   64410
64639   64640
65535   65536
67392   98487
67970   67971
68026   87286
68169   68170
68565   100395
68571   68572
68573   108256
69020   108256
69028   108036
69030   69031
69295   107972
71283   82573
71611   71612
72728   108027
73107   73108
73330   73331
73331   73332
73333   73335
73335   73336
73336   73337
73339   73340
73340   73344
73344   73348
73341   73342
73342   73343
73350   73351
73351   73352
73352   73353
73972   73973
74144   74143
74146   96540
74773   74774
75750   99197
77884   102892
77887   107354
77991   77989
78018   78017
78898   78899
81619   81620
81624   108253
89422   98768
86211   86212
86219   108238
86228   86229
86229   86230
88907   88908
89276   108256
89380   98589
89384   108027
89417   89418
89419   107114
89421   89422
89424   89425
101800  108036
105894  108256
92075   105175
95190   95191
95317   108253
96970   108256
97767   107840
98562   98563
98577   98578
98578   98579
98580   98581
98606   108027
100524  100525
100675  107354
100679  100680
100736  100737
100918  100919
103419  103420
104007  104931
105818  105819
106115  106129
107165  107166
107171  107172
107172  107173
107176  108253
