318 340
318 480
183 311
183 358
283 475
398 7
398 9
398 78
398 79
398 415
499 427
499 464
427 269
427 365
427 490
490 74
464 287
266 70
266 139
266 284
266 307
266 410
112 355
176 145
284 104
206 388
475 459
7   384
384 67
384 140
384 356
140 69
111 73
111 487
487 110
110 36
110 112
110 241
110 316
316 231
65  23
23  29
461 205
461 449
361 377
361 398
9   57
9   170
139 165
139 204
414 46
414 318
414 466
332 222
332 270
332 292
332 345
332 493
205 236
236 197
236 245
245 208
245 242
208 26
356 225
356 304
402 455
415 167
167 423
480 454
37  492
31  27
31  503
452 332
300 22
300 346
331 363
113 361
113 364
367 399
367 495
304 115
304 266
304 300
145 424
311 37
242 58
242 214
503 500
115 33
115 59
455 210
455 367
455 405
455 453
114 105
71  14
67  114
225 232
226 498
