132296,36430
132296,56745
132296,129251
132296,131430
132296,132208
132296,132304
132208,67054
132208,85726
132208,103239
132208,123923
132208,125172
132208,126956
132208,132304
132304,135
132304,4063
132304,13505
132304,18356
132304,20545
132304,21799
132304,24064
132304,29916
132304,34809
132304,35956
132304,39666
132304,58174
132304,58571
132304,60869
132304,70159
132304,70711
132304,88500
132304,94904
132304,95363
132304,102753
132304,102966
132304,103676
132304,104970
132304,106472
132304,106997
132304,110031
132304,110354
132304,113087
132304,113950
132304,114809
132304,115861
132304,116470
132304,117476
132304,120754
132304,123754
132304,124448
132304,124470
132304,124641
132304,125135
132304,126474
132304,126766
132304,127194
132304,127236
132304,129103
132304,129902
132304,131245
132304,131399
132304,131540
132304,131867
132304,131976
132304,131988
132304,132140
132304,132208
132304,132221
132304,132296
132304,132302
132304,132305
132221,6853
132221,22699
132221,41982
132221,53302
132221,58187
132221,63177
132221,68341
132221,84588
132221,85444
132221,91487
132221,111037
132221,121779
132221,124282
132221,130303
132221,131136
132221,131242
132221,132010
132221,132140
132221,132208
132221,132230
132221,132296
132221,132304
132221,132305
130756,131747
130756,132304
132301,117786
132203,132148
132140,13747
132140,132208
132140,132221
97,132304
131330,93805
130711,131302
132283,112734
132283,131747
131851,87245
131851,132302
132302,87249
132302,116771
132302,131470
132302,132221
132230,132304
132305,34853
132305,84254
132305,117083
132305,128421
132305,132221
132305,132304
131747,131988
126177,129493
130303,130304
116633,132304
131371,132304
131242,127423
128498,132304
131988,131747
131988,132304
706,132304
106221,106222
132075,80015
132075,129908
110019,96577
131849,29359
130681,110603
132101,103581
131542,132304
129966,43026
128787,132249
131430,37776
131245,132304
131470,126934
131470,131504
130301,121314
130389,113950
131052,124657
128421,24105
130285,128715
132202,73234
129908,118438
113852,85729
126508,132305
124448,132304
126553,37683
3016,128787
130388,130389
131504,128421
126019,3361
131540,132304
85876,104413
103790,98038
70928,132202
24213,132230
126199,109320
130453,132208
130453,132221
4965,132283
123754,74955
129902,132304
121612,131747
117364,125949
117364,132304
128712,132304
126269,86525
124700,129936
66773,6593
68374,6602
6602,132305
132033,58755
114847,109259
130018,99682
118094,115357
129918,53609
81450,131928
131729,132304
127217,132075
49903,49904
85726,68642
85726,132304
28351,132208
102346,78462
116470,116471
116470,124677
35362,35363
115535,115536
91309,131977
12704,12705
121620,132304
13491,122465
13495,132208
116912,40925
124282,129526
15260,38801
15418,15419
124882,54982
129497,132221
16470,132304
40923,116912
48766,128952
117219,132304
90683,89329
116827,67889
113814,113815
18759,18760
19312,19313
19773,70928
105360,130181
20357,20355
128019,81285
102152,132304
117786,21555
51989,116912
21662,21663
33803,33804
80751,22079
22661,22662
125039,125040
123048,113525
24101,27703
24103,128421
24105,34019
34019,125172
24108,24109
108327,94412
24291,24292
24299,132140
24308,24309
24309,24310
26836,129837
27158,132305
27758,27759
51092,43051
28781,131780
28873,28874
29531,132304
31553,31554
76838,132304
32809,32810
37769,132075
33798,33800
33804,128569
33808,33809
34502,34503
58369,34550
34803,34804
35968,126275
100111,104397
120931,132304
37691,120589
37768,37769
80015,129908
37773,132296
83331,132304
130339,132010
39430,132045
40273,130847
96803,128622
42051,132304
42193,120158
126391,126392
42973,131928
42977,42978
43034,43035
115358,115362
117752,132208
47045,47046
96164,132304
58189,58190
48117,48118
49156,49157
49542,121897
121852,49988
50005,50006
127932,131330
51994,51995
126079,131715
55545,104624
53673,53674
54889,54890
109868,132221
55647,55648
55652,132221
56112,56113
56412,132221
58052,58053
58092,58093
58187,58188
58190,58191
58974,112431
69618,132208
60202,60203
60866,85726
60869,131928
61766,132230
62257,125172
62260,132283
62290,121062
79457,62295
62296,66634
62298,132304
62314,62315
63118,63119
64083,108981
64110,64111
64994,132304
85729,85730
123609,132221
67910,67911
68636,118775
70164,70165
115312,132304
79738,70917
70921,70922
71173,123706
71373,71372
72323,72324
75632,132304
75912,75913
118567,75915
79615,79616
81291,89345
89345,81293
81296,81297
81683,105196
81690,81691
82350,124937
117669,132208
84581,84582
84584,84585
91640,132221
84589,84590
85908,85909
86063,132208
115530,115531
87214,132304
87222,132230
87224,87225
87865,130502
88127,88029
88088,115676
88943,88944
92337,92338
92945,103245
129725,132304
94398,94399
94409,108327
94415,94416
94900,94901
96790,103549
96796,96797
96797,96798
96801,132221
97351,132221
99415,99416
99951,99952
100128,100129
125044,125045
101284,115510
101463,101464
124660,132140
103175,103176
128168,128166
103602,103601
104495,132304
104610,104611
104933,124448
106720,106734
107144,111602
108019,132208
108064,108065
109264,130661
109266,123093
128374,128375
109858,117786
109872,132305
125585,109879
109899,109900
119832,109902
110280,122098
110317,132283
113026,132304
113293,129818
113624,113625
113963,132304
115805,115806
117791,132230
124362,132304
126953,126954
121653,121654
128767,122159
122304,132304
122415,132305
122453,122454
122454,122455
122456,122457
122738,128340
122997,122998
123598,132304
123737,123738
124361,124362
125041,125042
125043,125044
125047,125048
125049,132304
125052,125053
125054,125055
126942,132140
126967,126968
127442,127443
128342,128343
128343,128344
128345,128347
128347,128348
128348,128349
128351,128352
128352,128356
128356,128360
128353,128354
128354,128355
128362,128363
128363,128364
128364,128365
129380,129381
129929,129930
130880,132208
