48174,7675
48174,16880
48174,31389
48174,36206
48174,45975
48174,47538
48174,48112
48174,48139
48174,48165
48174,48187
48047,46127
48047,48187
48187,7864
48187,8843
48187,17456
48187,18642
48187,18669
48187,20972
48187,21054
48187,21539
48187,21937
48187,40366
48187,40846
48187,42659
48187,45240
48187,45650
48187,48139
48112,6088
48112,39125
48112,46410
48112,46647
48112,48187
27,48187
48138,42365
47778,24489
9996,9997
47558,27531
47558,34933
48066,34929
48066,47558
44847,35916
47982,9701
48165,21112
48165,48112
47062,48187
48139,6748
48139,21020
48139,28259
670,48165
13084,682
695,696
46939,14305
47667,41923
938,32684
965,966
46118,40722
48042,48187
6912,6906
45280,34062
2904,3420
42018,48139
6989,48165
3636,3637
3657,48187
48046,23931
5687,5688
48015,6259
46653,11149
46127,9706
45951,10765
5229,5230
31106,5260
41244,47982
29800,34779
5684,5685
5686,5687
5690,46408
5692,48187
5695,15196
5697,22346
7982,7983
6255,44014
6257,48015
6259,10464
10464,46647
6262,6263
6351,34100
6911,6910
6913,6914
34009,15624
41832,7280
7301,7302
35406,10790
8083,8084
7943,7944
19316,7988
8074,8075
8084,48139
8576,8577
8577,8578
8579,8581
8581,8582
8582,8583
8585,8586
8586,8590
8590,8594
8587,8588
8588,8589
8596,8597
8597,8598
8598,8599
11210,8609
9698,9699
9699,47982
9701,46939
9703,48047
32447,27758
35747,13715
10712,44225
10716,10717
10773,10774
11061,28469
11157,11158
11291,11292
11296,11297
33861,48161
11950,48139
39465,44504
12580,12581
14714,14713
15036,15037
15622,34009
15933,15934
15965,15967
15970,15971
15971,43029
15975,15976
29048,29049
47698,27899
17461,17462
37017,32611
18632,48109
18739,18740
22107,18742
40358,45903
19688,19689
20486,37419
20958,34792
20962,48112
22304,46775
46683,46684
24145,24146
26043,26044
26109,26110
26663,43870
27158,27159
27165,27166
27166,27167
27170,27171
27937,27938
27944,27945
43679,43680
31382,31383
31385,31386
40705,48174
31390,31391
31464,31465
34008,34009
31802,31803
31843,35994
32611,32612
45689,45690
32878,32879
34121,34122
34780,34781
34781,34782
34783,34784
34898,48187
34906,47973
34908,34909
35528,45253
35632,35633
35656,35657
44208,42254
36096,36097
36680,48187
36800,36801
37929,37930
38575,38576
38583,48165
38592,38593
38593,38594
43656,43657
45904,47498
39555,39556
40290,40291
40572,48174
40973,40974
41358,41359
41664,41665
42321,42322
43646,48174
43650,48139
43677,43678
44066,44067
44451,44452
44462,44464
44464,44465
44468,44469
45236,45237
45992,47973
46235,48112
46459,46460
46646,46647
46649,48109
46679,46680
46685,46686
46687,48187
47685,47686
47691,47692
47692,47693
47696,48174
