81555,283
81555,10149
81555,15078
81555,29159
81555,30361
81555,31042
81555,35135
81555,36953
81555,42363
81555,43542
81555,46302
81555,50525
81555,52709
81555,67362
81555,67929
81555,68702
81555,75929
81555,75938
81555,78579
81555,78989
81555,79037
81555,79826
81555,80574
81555,81175
81555,81461
81555,81467
81555,81494
81555,81520
81555,81529
81520,35413
81520,81467
81529,9982
81529,12279
81529,12818
81529,28280
81529,50511
81529,60482
81529,66682
81529,77425
81529,80345
81529,81133
81529,81467
81529,81494
81529,81520
81529,81555
81448,14686
81448,76230
81448,79703
81448,81555
81493,57087
81494,11115
81494,35207
81494,46827
81494,81308
81551,45713
81551,58423
120,121
81231,68561
81467,9879
81467,78426
81467,78577
81467,78839
81467,81555
201,81555
81400,16569
81400,77786
324,81529
81376,81555
81464,80332
81133,70606
77797,68482
81175,76926
81380,11349
79703,16574
16903,16904
80934,81555
58640,58641
80970,67732
79610,81555
81461,81555
1481,26675
81516,72553
1756,31903
1783,1784
77786,49968
81382,58419
81382,81551
78034,80332
80786,62028
80786,79836
74919,81494
45620,81555
78768,75406
4827,68599
4963,42869
77320,30469
5575,5576
81308,10185
11453,81520
6031,6032
6060,81555
81312,81400
6608,6609
78347,76979
66837,60076
16567,81400
64370,64371
78845,18969
79836,81308
8395,8396
66195,8501
13320,13321
42363,24724
68175,10009
10181,73844
10183,81308
10185,17681
17681,78839
10188,10189
10383,57257
71924,71489
40082,81555
29328,11310
11315,77707
11317,78232
63792,26110
11955,11957
11960,11961
11961,78037
11965,11966
70464,12156
12177,12178
12279,12280
43397,12282
12282,12283
13568,13569
65170,76347
65170,81555
13272,13273
32168,13326
13416,81467
13559,13560
13569,81494
75970,30494
76091,57219
14873,79560
70487,81467
80348,81555
16566,16567
16569,77786
16571,81448
16672,16673
81034,27820
17137,79827
17808,76242
79872,42476
73294,73295
44454,38042
18977,54722
32994,32995
70172,45326
66301,79745
37100,81266
20118,81494
54771,81555
23098,72329
23402,23403
23407,81529
61748,54747
24688,81467
25230,25231
78577,60927
78577,81555
37252,37253
26108,63792
26846,48621
48621,81555
27424,27425
48326,48327
80686,63197
28310,81555
29164,29165
57087,57088
30416,81070
30420,30421
30477,30478
31005,81464
31168,31169
64826,31171
42477,42481
67913,80972
32889,32890
32962,32963
32963,32964
32965,32967
32967,32968
32968,32969
32971,32972
32972,32976
32976,32980
32973,32974
32974,32975
32982,32983
32983,32984
32984,32985
35121,58185
35125,81467
40621,35899
35903,35904
56736,81516
37239,37240
37250,37252
37256,37257
37495,80911
64365,64366
38900,81555
38986,38987
63970,62769
78875,78876
77948,53163
40676,40677
41006,41007
79400,81555
81041,73123
43610,43611
43981,43982
44349,73592
45332,45333
45333,45334
45337,45338
45978,45979
46469,78796
46476,46477
47084,47085
48046,69402
48383,73208
48611,81266
75041,81529
51698,51699
52043,52044
57110,63792
53325,53326
54339,54337
54747,54748
55125,55126
56649,59073
57278,57279
57440,57441
57975,81555
58173,58174
58174,58175
58176,58177
58388,81555
58396,81266
58398,58399
59687,59688
59789,60360
78628,71165
60338,60339
60921,74145
61384,81555
62470,62471
62805,81555
63341,81555
63802,63803
63988,81467
64152,64153
64160,81520
64169,64170
64170,64171
64367,64368
64369,64370
64373,78396
64375,81555
64378,64379
64380,64381
73271,73272
78423,78424
66482,66483
66675,66676
66678,66679
68432,81529
66683,66684
67845,77336
68897,78092
69632,69633
70219,70220
71238,79037
71302,71303
73261,81529
73265,81494
73292,73293
73896,73897
75934,75935
76004,76005
77488,81266
78412,81520
78437,78438
78576,78577
78579,81070
78838,78839
78841,81464
78871,78872
78877,78878
78879,81555
78895,78896
80397,80396
80673,80674
80679,80680
80680,80681
80684,81529
81096,81097
