69530,179
69530,11072
69530,12811
69530,24970
69530,26592
69530,29927
69530,31474
69530,39520
69530,45018
69530,53717
69530,56613
69530,57044
69530,57080
69530,57670
69530,58355
69530,64760
69530,67477
69530,68632
69530,69436
69530,69442
69530,69469
69530,69495
69530,69504
69396,13430
69396,66325
69396,69034
69396,69530
66325,14028
69504,10874
69504,24211
69504,44864
69504,51632
69504,57683
69504,66086
69504,68414
69504,69442
69504,69469
69504,69495
69504,69530
69468,60565
69330,58225
69495,30153
69495,69442
69442,8395
69442,55677
69442,66843
69442,67202
69442,69530
131,69530
69370,14023
69526,49902
69526,62374
203,69504
69354,69530
66316,58146
69469,9448
69469,29999
69469,40019
69469,68700
67477,65595
69358,34237
14318,14319
69360,49898
69360,69526
69439,68676
64725,56561
573,575
578,579
579,61624
583,584
69004,69530
67777,69530
1011,69495
18467,1023
1036,1037
68106,59972
69491,61767
1401,1402
1428,1429
64849,33821
15342,9631
69297,42483
69297,67948
38967,69530
67145,60239
4163,36524
66010,15421
60091,69469
68700,8700
9738,69495
5088,5089
5109,69530
59056,69370
5502,5503
56629,51208
14021,69370
7863,7864
67208,15976
67948,68700
7207,7208
56090,7288
42486,49678
7860,7861
7862,7863
7866,66841
7868,69530
7871,21714
7873,31978
11265,11266
57860,8557
8696,62935
8698,68700
8700,15010
15010,67202
8703,8704
8833,48772
9636,66256
9638,66732
54403,22288
59855,10338
10359,10360
61149,60785
11470,11471
11226,11227
27508,11271
11461,11462
11471,69469
55524,65087
55524,69530
64776,15446
12623,67746
59878,69442
14020,14021
14023,64849
14025,69396
63278,19270
14478,14479
15368,69099
15372,15373
15429,15430
63234,36176
15984,45801
28195,28196
34519,16156
16160,16161
48388,69491
59580,38645
16994,69469
46699,69530
64859,48734
68417,69530
19990,19991
19995,69504
56613,21093
21504,21505
55677,52074
31676,31677
39077,45363
22286,54403
22743,22744
22931,41527
41527,69530
23488,23489
57492,68676
41284,41285
68756,39533
66801,65642
24975,24976
52773,46675
26359,45342
26555,69439
26692,26693
55090,26695
57662,68205
28098,28099
28163,28164
28164,28165
28166,28168
28168,28169
28169,28170
28172,28173
28173,28177
28177,28181
28174,28175
28175,28176
28183,28184
28184,28185
28185,28186
29309,58946
29913,49691
29917,69442
31663,31664
31674,31676
31680,31681
31912,67452
33075,69530
67238,67239
34550,34551
36177,36181
36574,64877
57685,57686
37181,37182
37515,37516
37876,62722
38651,38652
38652,38653
38656,38657
39654,67176
39661,39662
40241,40242
41517,69235
44045,44046
62456,62457
44857,44858
44860,44861
58117,69504
44865,44866
44957,44958
48623,54403
45471,45472
45536,57699
46675,46676
46975,46976
48072,69530
48278,50388
60565,48601
48793,48794
48996,48997
49679,49680
49680,49681
49682,49683
49867,69530
49875,69235
49877,49878
50709,64832
50890,50891
50974,50975
63244,60439
51487,51488
52068,63247
52426,69530
52557,52558
53676,69530
54598,69442
54695,54696
54703,69495
54712,54713
54713,54714
62433,62434
65963,67890
56320,56321
57594,66026
57683,57684
57686,57687
58556,64819
59128,59129
59617,59618
60521,61113
60607,60608
62423,69504
62427,69469
62454,62455
62987,62988
64756,64757
64793,64794
64870,64871
66129,69235
66556,69442
66919,66920
67201,67202
67204,69439
67234,67235
67240,67241
67242,69530
67621,69530
68466,68465
68743,68744
68749,68750
68750,68751
68754,69504
69117,69118
