37242,17785
37242,21271
37242,21298
37242,28055
37242,28320
37242,28403
37242,32507
37242,34240
37242,37068
37168,18860
37168,25720
37168,31235
37168,35780
37168,37242
33842,33782
37244,20681
37244,24313
37244,27810
37244,36104
37244,37068
37244,37242
36647,30707
36647,37242
37005,30703
37215,19587
37003,20161
33988,29770
37008,37168
37151,31665
34829,17205
37067,18420
25722,25723
30707,30708
36157,25032
37068,10227
37068,21384
37068,28194
35737,30831
35059,31661
35059,37151
36690,35681
36706,37242
2659,2660
36244,8983
31232,31233
3108,3109
3238,25795
3265,3266
4571,4572
4579,37008
4588,4589
4589,4590
24649,15403
29188,29189
21836,21830
5032,5033
5145,5146
6030,32364
21596,21597
26854,26855
8111,8112
8118,8119
8119,8120
8123,8124
8936,8935
28968,36698
9253,9254
17283,17284
9740,9741
9747,9748
10759,10760
11772,11773
12329,37068
12554,12555
12877,37244
15471,12953
13805,25709
23999,23996
15350,23045
15354,15355
15411,15412
26002,15428
17278,31065
16012,16013
16432,16433
16797,16798
17280,17281
17282,17283
17286,32474
17288,37242
17291,17292
17293,17294
17790,17791
35719,35720
18371,36928
18483,18484
19583,23405
19585,37215
19587,33461
33461,35780
19590,19591
19763,29227
34835,31513
20674,20675
20677,20678
20679,37244
20682,20683
20908,20909
21261,37133
21594,21595
21835,21834
21837,21838
21872,21873
21877,21878
23061,23062
23076,23090
24017,24018
25635,25636
24595,24596
24606,24608
24608,24609
24612,24613
24725,24726
24893,24894
24894,24895
24896,24898
24898,24899
24899,24900
24902,24903
24903,24907
24907,24911
24904,24905
24905,24906
24913,24914
24914,24915
24915,24916
24925,24926
25455,37168
25626,25627
25636,37068
25723,25724
30933,28544
26161,26162
26844,37244
26848,37068
26875,26876
26877,26878
36122,37042
34380,37008
28041,31078
28045,37168
29497,36943
30700,30701
30701,37005
30703,37003
30705,36647
31066,31067
31067,31068
31069,31070
31221,37008
31246,31247
31630,37242
31638,36943
31640,31641
32229,35857
32250,35780
32253,37133
32283,32284
36606,32288
32289,32290
32291,37242
34736,34737
35545,35546
35615,35616
35621,35622
35622,35623
35626,37244
35689,35690
36110,36111
36115,36116
36168,36169
