183 311
283 475
170 162
162 499
398 7
398 9
398 78
398 170
398 415
499 427
499 464
427 269
427 365
427 490
490 74
464 287
266 70
266 139
266 284
266 307
266 410
79  65
79  206
112 355
176 145
284 104
206 334
206 388
475 459
7   384
384 67
384 111
384 140
384 356
111 73
111 487
487 110
487 502
110 36
110 112
110 241
110 316
65  23
461 205
461 449
361 377
361 398
9   57
139 165
139 204
414 46
414 318
332 222
332 270
332 292
332 345
205 236
245 208
245 242
208 26
208 402
208 480
356 225
356 237
402 192
415 167
480 454
78  79
37  133
37  492
31  27
31  503
122 440
300 346
331 363
113 361
113 364
367 399
367 495
399 398
304 115
304 266
304 300
311 37
242 58
242 176
242 214
350 314
115 59
455 210
455 367
455 453
36  202
114 105
71  14
495 430
67  114
364 246
225 232
226 498
