132296,132304
132208,132304
132304,20545
132304,24064
132304,94904
132304,95363
132304,103676
132304,106997
132304,110031
132304,116470
132304,117476
132304,124448
132304,124470
132304,126766
132304,129103
132304,129902
132304,131540
132304,131976
132304,131988
132304,132208
132304,132221
132304,132296
132221,53302
132221,130303
132221,131242
132221,132140
132221,132208
132221,132230
132221,132304
130756,132304
132301,117786
132140,132208
131330,93805
132302,131470
132305,132221
131371,132304
128498,132304
131988,131747
131988,132304
131245,132304
131470,126934
131052,124657
132202,73234
126508,132305
124448,132304
131504,128421
131540,132304
103790,98038
130453,132221
129902,132304
68374,6602
130018,99682
131729,132304
85726,132304
116470,116471
116470,124677
35362,35363
15418,15419
117219,132304
102152,132304
51989,116912
26836,129837
51092,43051
42051,132304
127932,131330
126079,131715
109868,132221
56112,56113
58974,112431
61766,132230
62260,132283
62290,121062
62298,132304
63118,63119
123609,132221
70164,70165
79738,70917
71173,123706
86063,132208
88127,88029
129725,132304
94900,94901
97351,132221
99951,99952
124660,132140
106720,106734
109858,117786
125585,109879
119832,109902
117791,132230
122415,132305
122738,128340
122997,122998
124361,124362
125043,125044
128347,128348
128352,128356
128354,128355
128363,128364
128364,128365
