64340,11883
64340,23103
64340,24643
64340,38660
64340,53029
64340,53464
64340,54089
64340,60049
64340,60697
64340,64246
64206,63843
64206,64340
64314,61155
64314,64252
64314,64305
64314,64340
64278,56137
64305,27929
64252,64340
64336,57829
154,64314
64157,64340
64279,8752
64181,46399
64249,64178
60014,52578
64047,12967
62707,64340
17118,891
1256,1257
61386,53900
64100,52174
62134,58994
55708,64279
64301,57269
9032,64305
4985,4986
7222,7223
55975,60275
7221,7222
53644,7916
8032,63176
8037,8038
47977,20655
40251,14230
10700,10701
10476,10477
55516,64252
13204,64340
58650,17901
14213,14214
31894,14869
15687,64279
63302,64340
29312,29313
20653,47977
21222,38524
38524,64340
46961,64178
38316,38317
61815,60751
23108,23109
53456,62240
26146,26147
26147,26148
26151,26155
26153,26154
26162,26163
26163,26164
29310,29312
29316,29317
29548,62382
35858,35859
36805,36806
40822,40823
57911,57912
41561,41562
41569,41570
45148,47977
42193,53493
43291,43292
45308,45309
47313,47314
58616,56011
50755,64252
57888,57889
61032,63259
52337,52338
54280,60084
55275,55276
56179,56180
57878,64314
60045,60046
61209,64038
61933,61934
62183,64249
62213,62214
62221,64340
63549,63550
63560,64314
