59708,11007
59708,21476
59708,22866
59708,26379
59708,49304
59708,49657
59708,50263
59708,55859
59708,56346
59708,59627
59587,59254
59587,59708
59695,56769
59695,59633
59695,59686
59695,59708
59633,59708
59659,52184
59686,25809
59660,8125
59487,33584
59559,43146
59630,59556
55824,48898
59447,11977
58213,59708
817,59686
15846,829
1178,1179
56978,50094
59535,59708
59108,31261
57696,54842
51766,59660
8405,59686
4688,4689
6712,6713
47937,55990
6711,6712
7467,58642
7472,7473
44604,19149
37475,13186
9913,9914
9735,9736
51574,59633
12218,59708
44123,16619
13169,13170
29395,13769
14523,59660
58806,59708
54802,54803
19147,44604
43660,59556
35562,35563
21481,21482
49649,56667
24180,24181
24181,24182
24185,24189
24187,24188
24196,24197
24197,24198
27337,57909
57779,57780
33193,33194
34117,34118
46324,59708
37977,37978
53861,53862
38685,38686
38693,38694
42077,44604
39285,49686
40311,40312
57385,56398
42186,42187
43968,43969
54480,52058
46323,46324
47240,59633
53838,53839
56668,58763
48668,48669
49906,59695
50467,50468
51344,51345
52226,52227
53828,59695
54800,54802
54806,54807
55855,55856
56812,59438
57490,57491
57745,59630
57775,57776
57783,59708
59003,59004
59014,59695
