51645,9402
51645,18686
51645,19977
51645,22372
51645,38028
51645,42846
51645,43123
51645,43638
51645,48372
51645,48804
51645,51564
51632,49190
51632,51570
51632,51623
51632,51645
51524,51645
51570,49954
51570,51645
51596,45226
51137,26156
51437,29505
51496,14269
51567,51493
47900,38480
51397,10281
51623,22540
50365,51645
51597,7095
700,51623
13882,712
995,996
49361,43493
51472,51645
44879,51597
7350,51623
5884,5885
5384,5385
5883,5884
6538,50725
6543,6544
6632,36567
36476,16738
37912,11414
8548,8549
8408,8409
9108,9109
9109,9110
9112,9113
9113,9117
9115,9116
9124,9125
9125,9126
44712,51570
38269,14592
11340,11341
11397,11398
25785,11929
12625,51597
49919,47543
50886,51645
16736,36476
31075,31076
18691,18692
43115,49101
23867,50099
49990,49991
29140,29141
29932,29933
46662,46663
33673,33674
33681,33682
36475,36476
34202,34216
35011,35012
49633,48844
45226,36464
36588,36589
38138,38139
38179,38180
47219,45115
40363,51645
46639,46640
49102,50843
42298,42299
43329,51632
43779,43780
44507,44508
45255,45256
46629,51632
47501,47503
47503,47504
47507,47508
48368,48369
49221,51388
49738,49739
49956,51567
49986,49987
49994,51645
51044,51045
51055,51632
