37242,17785
37242,21271
37242,21298
37242,28055
37242,28320
37242,28403
37242,32507
37242,34240
37168,35780
37168,37242
33842,33782
37244,36104
37244,37242
36647,37242
37005,30703
33988,29770
37008,37168
34829,17205
37067,18420
25722,25723
30707,30708
36157,25032
37068,21384
35737,30831
35059,31661
36706,37242
31232,31233
3265,3266
4571,4572
26854,26855
8119,8120
28968,36698
9253,9254
17283,17284
9740,9741
9747,9748
10759,10760
12329,37068
12877,37244
15471,12953
13805,25709
15354,15355
15411,15412
26002,15428
16797,16798
17282,17283
17286,32474
17293,17294
17790,17791
35719,35720
18483,18484
19585,37215
19590,19591
19763,29227
34835,31513
20674,20675
20677,20678
20679,37244
20682,20683
21261,37133
21835,21834
23061,23062
23076,23090
25635,25636
24606,24608
24608,24609
24612,24613
24898,24899
24899,24900
24902,24903
24903,24907
24907,24911
24904,24905
24905,24906
24914,24915
24915,24916
24925,24926
25723,25724
30933,28544
26844,37244
26875,26876
26877,26878
34380,37008
29497,36943
30701,37005
30705,36647
31221,37008
31630,37242
32229,35857
32253,37133
32283,32284
36606,32288
32289,32290
32291,37242
34736,34737
35615,35616
35626,37244
35689,35690
36110,36111
36168,36169
