35209,17075
35209,20440
35209,20467
35209,26707
35209,26957
35209,27040
35209,30846
35209,32442
35135,33785
35135,35209
32082,32022
35211,34109
35211,35209
34633,35209
34972,29187
32209,28304
34975,35135
32173,16483
35034,17714
24440,24441
29191,29192
35035,20534
34162,23784
33742,29315
31084,30083
34692,35209
29663,29664
3269,3270
4492,4493
25493,25494
7845,7846
27538,34684
33724,33725
8939,8940
16561,16562
9407,9408
9414,9415
10366,10367
11776,35035
12224,35211
14703,12300
13075,25575
14586,14587
14643,14644
24688,14660
25675,34975
16146,16147
16560,16561
16564,30813
16571,16572
17080,17081
17743,17744
18801,35182
18806,18807
18941,27779
29934,29935
19833,19834
19836,19837
19838,35211
19841,19842
20430,35100
20891,20890
22041,22042
22056,22070
24377,24378
23377,23379
23379,23380
23383,23384
23669,23670
23670,23671
23673,23674
23674,23678
23678,23682
23675,23676
23676,23677
23685,23686
23686,23687
23696,23697
24441,24442
29417,27131
25483,35211
25514,25515
25516,25517
28064,34929
29185,34972
29189,34633
29652,34975
30052,35209
30613,33862
30637,35100
30667,30668
34592,30672
30673,30674
30675,35209
32830,32831
33620,33621
33631,35211
33694,33695
34115,34116
34173,34174
