119622,119650
119570,119650
119650,18747
119650,22051
119650,80893
119650,86613
119650,87077
119650,88909
119650,94408
119650,100047
119650,105648
119650,112632
119650,112651
119650,114662
119650,116117
119650,116758
119650,119388
119650,119409
119650,119570
119650,119578
119650,119622
119578,48838
119578,116038
119578,118740
119578,119526
119578,119570
119578,119586
119578,119650
118332,117971
118332,119650
119647,106809
119648,118959
119651,119578
116135,119650
119409,117971
119409,119650
118743,119650
118959,107173
119564,66866
118552,112849
117236,119651
119026,119650
116117,119650
116337,119650
118993,113685
118885,119650
111656,119650
32573,32574
119183,119650
112632,119650
13902,13903
15559,106809
105648,104355
105648,105649
18558,18556
47791,106052
106330,119650
24467,117493
111886,119578
47062,39619
28841,28842
38585,119650
47144,47145
115690,118847
99905,119578
51580,51581
54343,89629
63904,119570
56876,119586
57289,119636
57319,109641
57327,119650
58068,58069
118809,118810
64390,64391
72793,65021
65274,111983
114028,119169
81657,74403
78808,119570
80461,80462
117317,119650
86609,86610
88811,119578
109925,119526
97039,97053
113558,99916
108559,99939
102759,117471
106814,119586
110859,119651
111153,115965
111374,111375
112558,112559
113085,113086
115972,115973
115977,115981
115979,115980
115988,115989
115989,115990
