108250,108274
108202,108274
108274,17425
108274,20474
108274,60739
108274,73368
108274,78561
108274,78994
108274,85522
108274,92772
108274,95768
108274,101929
108274,103545
108274,103672
108274,105775
108274,108031
108274,108052
108274,108098
108274,108202
108274,108210
108274,108250
108210,44491
108210,104991
108210,107539
108210,108165
108210,108202
108210,108218
108210,108274
107507,108274
108271,96799
107934,72436
108272,107669
108275,108210
108264,106840
103589,108274
108052,106840
108052,108274
107669,106702
105259,108274
1757,1758
107357,102104
102350,108275
107736,108274
3350,102795
108098,108274
108196,50357
107703,102795
105557,106840
107848,108274
103545,108274
99511,108165
95768,94478
95768,95769
100962,108274
17225,17223
43623,87391
82932,108274
22676,89221
101172,108210
99973,108274
30013,30014
35454,108274
103215,107591
85083,59023
42968,42969
105446,108210
46930,46931
47286,108202
49380,81397
58128,108202
51521,108218
51893,108264
51923,80012
51931,108274
52649,52650
57320,57321
66098,59136
62221,62222
103133,107834
67551,67552
70352,70353
71765,71766
72935,72936
78557,78558
80661,108210
87945,87959
92922,106460
96804,108218
105479,105480
100301,108275
100748,100749
101841,101842
105456,105457
104792,104790
104898,104899
104903,104907
104905,104906
104914,104915
104915,104916
107178,107179
