97540,87994
98148,40887
98148,95272
98148,97552
98148,98039
98148,98117
98148,98140
98148,98195
97520,98195
98184,96758
98184,98195
98195,15523
98195,18490
98195,44787
98195,67033
98195,71642
98195,72065
98195,77842
98195,84320
98195,87080
98195,88993
98195,92554
98195,93936
98195,94043
98195,98050
98195,98140
98195,98148
98195,98184
98117,10470
98140,98195
98165,66185
97988,87340
97988,97688
97987,98148
98198,96967
98159,98195
93420,25009
97688,96848
95494,98195
1671,1672
97401,92714
92874,97987
97755,98195
3166,92178
3171,3172
98050,98195
98134,55694
97722,92178
93775,96967
38552,38553
91633,98195
97851,98195
90415,98117
87080,85847
87080,87081
93936,98195
15351,15349
40138,79569
75647,98195
91823,98148
77440,54125
97621,98195
27155,27156
32353,98195
93652,92708
39513,39514
39687,39688
95683,98148
43447,98140
45448,74280
53289,98140
47312,98039
47659,98198
47689,72980
47697,98195
52606,52607
60422,54219
56991,56992
93570,97837
61799,61800
62213,62214
64354,64355
65656,65657
66637,66638
71638,71639
73574,98148
80080,80094
81063,98140
84450,96622
87999,98039
95716,95717
91096,97987
92457,92458
95693,95694
95177,95178
95182,95186
95184,95185
95193,95194
95194,95195
97448,97449
