81555,10149
81555,15078
81555,29159
81555,30361
81555,31042
81555,42363
81555,67362
81555,67929
81555,75938
81555,79037
81555,79826
81555,81175
81555,81461
81555,81467
81520,35413
81529,9982
81529,77425
81529,81133
81529,81467
81529,81520
81529,81555
81448,76230
81448,81555
81493,57087
81494,11115
81551,45713
81467,81555
81400,16569
324,81529
81376,81555
81464,80332
81175,76926
80970,67732
79610,81555
81461,81555
81516,72553
1783,1784
81382,58419
78034,80332
80786,62028
74919,81494
78768,75406
11453,81520
6608,6609
64370,64371
79836,81308
68175,10009
10183,81308
10188,10189
40082,81555
63792,26110
13568,13569
13272,13273
75970,30494
70487,81467
80348,81555
81034,27820
17808,76242
73294,73295
66301,79745
20118,81494
24688,81467
26108,63792
26846,48621
48621,81555
48326,48327
28310,81555
29164,29165
30477,30478
42477,42481
32967,32968
32972,32976
32974,32975
32983,32984
32984,32985
40621,35899
37495,80911
45333,45334
46476,46477
48611,81266
75041,81529
51698,51699
57110,63792
54339,54337
59687,59688
63988,81467
64369,64370
73271,73272
78423,78424
66675,66676
70219,70220
73261,81529
75934,75935
77488,81266
78841,81464
78871,78872
78879,81555
80673,80674
80684,81529
81096,81097
