75273,71584
75273,75211
75273,75264
75273,75299
75192,74772
75192,75299
75299,9493
75299,14029
75299,26826
75299,28622
75299,61531
75299,62037
75299,62634
75299,63376
75299,66634
75299,70140
75299,74958
75299,75205
75299,75211
75237,65751
75264,32561
75211,75299
75144,15275
75295,67616
254,75273
75128,75299
71879,63155
75238,10342
74958,71057
75208,74135
72544,62410
73440,75299
60605,1160
75205,75299
75260,66966
1623,1624
75134,53872
74590,45854
74841,75238
72724,65433
10632,75264
6048,6049
72349,71104
59387,59388
73615,74442
62860,9370
9527,74442
9532,9533
58869,23917
12579,12580
62456,74135
12300,12301
70156,28117
65034,75211
74151,75299
68526,20719
18462,75238
23915,58869
24592,44844
44844,75299
44548,44549
26080,75299
26831,26832
28100,28101
62626,73921
30328,30329
30333,30337
30335,30336
30344,30345
30345,30346
37344,33011
34516,74719
39105,39109
41717,41718
42816,42817
44834,75020
69327,75273
47539,47540
67698,67699
52534,58869
49070,62669
49977,49975
50335,50336
52704,52705
54970,54971
59056,75211
59386,59387
67675,67676
71461,73557
61426,61427
64764,64765
67665,75273
70136,70137
71627,75020
72789,75208
72819,72820
72827,75299
74485,74486
74496,75273
74887,74888
